   1.5213534e+01   1.2263097e+03   1.2880445e+02
   1.7145485e+02   1.3005928e+03   2.2075178e+02
   1.8670454e+02   1.2147820e+03   1.7448047e+02
   1.6233049e+02   1.2958300e+03   9.4893734e+01
   6.1694510e+01   1.6551628e+03   9.7229897e+01
   1.7977081e+02   1.6503136e+03   1.6667863e+02
   2.7315227e+02   1.7688636e+03   3.5559945e+02
   3.1979293e+02   1.6029347e+03   1.6571679e+02
   2.4124113e+02   1.2713158e+03   2.3413959e+02
   1.7530165e+02   1.3617315e+03   1.2197333e+02
   1.5515490e+02   1.1818682e+03   1.8846755e+02
   2.3263630e+02   1.6044463e+03   1.4952464e+02
   5.2682016e+01   1.6609897e+03   2.0350640e+02
   2.4391204e+02   1.2649008e+03   1.4492499e+02
   6.8376049e+01   1.8123802e+03   1.8340074e+01
   3.5836493e+02   1.3132660e+03   1.4074969e+01
   2.5706271e+02   1.3104783e+03   3.4027370e+02
   2.0222397e+02   1.6222363e+03   3.6789226e+01
   2.9848944e+02   1.1630669e+03   3.4486376e+02
   2.0527464e+02   1.3428938e+03   2.0991539e+02
   2.3560697e+02   1.3501938e+03   1.1153346e+02
   3.0737214e+02   1.5899989e+03   1.7217653e+02
   1.0971991e+01   1.3038689e+03   1.4242557e+02
   2.1422133e+02   1.5371412e+03   1.5433431e+02
   3.6302108e+02   1.2776915e+03   1.7794324e+02
   9.5961308e+01   1.2718219e+03   1.8358680e+02
   2.0562010e+02   1.3307181e+03   2.8683568e+02
   5.6701441e+01   1.1707915e+03   4.4589888e+00
   2.8718814e+02   1.5377081e+03   1.6079434e+02
   3.0519719e+02   1.4671394e+03   1.7596617e+02
   2.8992610e+02   1.2357505e+03   3.7073980e+01
   9.8820106e+01   1.3085990e+03   2.4823733e+02
   3.5117483e+02   1.3475063e+03   2.0932720e+02
   2.5547307e+02   1.4892206e+03   1.5502739e+02
   1.2162885e+02   1.4194778e+03   1.2220676e+02
   3.6377820e+02   1.4859909e+03   2.1686302e+02
   2.1033235e+02   1.2506701e+03   2.8977886e+02
   3.3626899e+02   1.2337682e+03   8.0299799e+01
   2.5852890e+02   1.2688351e+03   1.6602055e+02
   2.6949612e+02   1.4816924e+03   2.1765530e+01
   2.4549086e+02   1.2644212e+03   2.2100683e+02
   2.1080178e+02   1.2441684e+03   1.3517740e+02
   2.3321366e+02   1.4272845e+03   2.3967748e+02
   2.5755050e+02   1.1891985e+03   8.7311994e+01
   2.7468684e+02   1.2438570e+03   3.5093767e+02
   4.0098196e+01   1.2942217e+03   2.8090157e+02
   1.6123564e+02   1.4021893e+03   1.5308608e+02
   1.2926269e+02   1.6897672e+03   1.3993319e+02
   2.6610353e+02   1.3009862e+03   3.2247378e+01
   1.4372731e+02   1.4364394e+03   1.5099521e+02
   7.4290045e+01   1.1950328e+03   2.0861145e+02
   9.5852181e+01   1.3914583e+03   1.4863804e+02
   1.5686906e+02   1.2295189e+03   1.5870864e+02
   6.5159918e+00   1.2923628e+03   1.8755909e+02
   1.4101463e+01   1.1982114e+03   1.1093226e+02
   3.8324269e+02   1.2393314e+03   3.7627986e+02
   2.3161138e+02   1.1722577e+03   8.3502868e+01
   3.1715086e+02   1.2045022e+03   3.8817602e+01
   1.0610710e+02   1.2759283e+03   1.0349119e+01
   1.5405740e+02   1.6060285e+03   3.2989830e+02
   5.5922972e+01   1.1851334e+03   2.2079403e+02
   4.8884347e+01   1.2432673e+03   2.4021988e+02
   1.6031727e+02   1.5682937e+03   3.0915643e+02
   1.4350247e+02   1.5104667e+03   1.4866942e+02
   9.7471511e+01   1.2192241e+03   8.0616777e+01
   2.4714305e+02   1.5515682e+03   1.3396481e+02
   2.3536845e+01   1.2886373e+03   1.6083016e+02
   3.5271603e+01   1.2720229e+03   1.2960704e+01
   1.6182150e+02   1.6749390e+03   2.2604886e+02
   2.0339454e+02   1.2432863e+03   1.6021624e+02
   1.7625802e+01   1.6337001e+03   2.8263116e+02
   1.3323383e+02   1.2797520e+03   1.1239391e+02
   2.2306830e+02   1.6430720e+03   2.5177293e+02
   2.9217435e+02   1.6721286e+03   9.2220001e+01
   8.9787788e+00   1.2118789e+03   3.3863532e+02
   2.5315599e+02   1.2003383e+03   3.8274761e+02
   3.1942730e+01   1.6713223e+03   3.3147875e+02
   1.9738622e+02   1.3470258e+03   6.8927282e+01
   2.1901011e+02   1.5534245e+03   9.6573584e+01
   3.3888894e+02   1.1829905e+03   7.5367570e+01
   2.1731711e+02   1.2027247e+03   3.6297568e+02
   3.1246378e+02   1.2042256e+03   1.5466037e+02
   3.8658551e+02   1.2434364e+03   3.3708225e+02
   1.9352427e+02   1.2107549e+03   1.5602997e+02
   1.7223139e+01   1.2204348e+03   3.6163346e+02
   3.7689410e+02   1.1948873e+03   3.3821062e+02
   1.3524478e+02   1.5460275e+03   1.2457462e+02
   1.3370686e+02   1.1721149e+03   2.5100655e+02
   1.2721946e+02   1.8178422e+03   1.6652780e+02
   3.6090535e+02   1.2376612e+03   2.2301752e+02
   1.2128290e+02   1.6957907e+03   1.4696624e+02
   2.4047085e+02   1.7141115e+03   2.3516492e+02
   2.1054916e+02   1.7606595e+03   1.1806280e+02
   7.4204606e+01   1.2145670e+03   9.3405393e+01
   7.6441189e+01   1.4776699e+03   1.9118394e+02
   2.3718940e+02   1.7711917e+03   2.5659054e+02
   2.1701321e+02   1.3941550e+03   3.3782012e+02
   1.5774974e+02   1.1955066e+03   6.8209721e+01
   1.1360518e+02   1.3991726e+03   1.0641813e+02
   2.2110533e+02   1.6939561e+03   1.1201407e+02
   3.2570343e+02   1.1810555e+03   1.4173001e+02
   2.0094519e+02   1.2147752e+03   1.1451083e+02
   1.1982374e+02   1.6051727e+03   1.4142394e+02
   3.0441366e+02   1.5162094e+03   2.1671826e+02
   2.7700755e+02   1.8570560e+03   1.6459108e+02
   2.7870152e+02   1.2496120e+03   1.2008044e+02
   3.1956633e+02   1.3899915e+03   9.8582013e+01
   3.3003251e+02   1.3959711e+03   3.3949141e+02
   2.6908945e+02   1.3495860e+03   1.2982204e+02
   1.8866149e+02   1.3226036e+03   2.9023773e+02
   1.3052648e+02   1.2243761e+03   2.0741054e+02
   1.0281386e+02   1.5620746e+03   1.6908485e+02
   3.6858044e+01   7.8741874e+02   1.1161469e+02
   1.8666714e+02   8.5309310e+02   1.6155208e+02
   3.5855377e+02   8.2480395e+02   6.8155611e+01
   1.3859212e+02   8.8714051e+02   1.4138022e+02
   4.0568508e+01   1.0154444e+03   1.5291086e+02
   2.3941819e+02   9.0870748e+02   2.0821083e+02
   7.7264828e+01   8.8966244e+02   2.2700034e+02
   3.7598587e+02   9.9118635e+02   1.7147264e+02
   1.3762624e+02   8.5742282e+02   3.5923306e+02
   1.8367691e+02   1.0030874e+03   2.7251924e+02
   2.0987721e+02   7.8589192e+02   3.2988310e+02
   2.0400840e+02   9.6352759e+02   3.3096146e+02
   1.8898703e+02   1.0446887e+03   1.8938676e+02
   3.1173217e+02   1.0189807e+03   1.5526079e+02
   2.1366578e+02   1.1571449e+03   1.2087071e+02
   2.7004310e+02   1.0812845e+03   1.3723161e+02
   1.3162571e+02   1.0289617e+03   6.7144598e+01
   2.0377123e+02   7.9013581e+02   3.6886187e+02
   1.7734990e+02   1.0593114e+03   3.0533630e+02
   1.0687497e+02   8.0267759e+02   6.0087168e+01
   3.5462077e+02   9.5474554e+02   3.4377162e+02
   3.6616538e+02   8.7459362e+02   3.5577976e+02
   7.1866945e+01   9.7320306e+02   5.2634989e+01
   6.8104724e+01   1.0553448e+03   1.8735905e+02
   1.7084177e+02   1.0728098e+03   2.6410296e+02
   9.2800087e+00   1.0988991e+03   1.4861602e+02
   3.5997578e+02   8.3526659e+02   1.4415384e+02
   1.5233351e+02   1.0899780e+03   1.3439314e+02
   3.4410760e+02   1.1423850e+03   1.5516361e+02
   1.7931791e+02   9.8402265e+02   5.6484047e+01
   1.3457125e+02   8.2602816e+02   1.2565139e+02
   1.3914643e+02   8.2266138e+02   3.1158372e+02
   1.6391413e+02   1.1541615e+03   2.7421135e+02
   1.9211020e+02   9.7225868e+02   1.8589290e+02
   2.5307395e+02   8.2052596e+02   1.5693995e+02
   2.0313081e+02   9.6052336e+02   1.6452491e+02
   2.3049205e+02   1.0427292e+03   7.9867749e+01
   7.8250396e+00   1.1238848e+03   2.0120561e+02
   2.9469428e+02   8.5492364e+02   3.4396319e+02
   1.8635648e+02   1.0743374e+03   2.2954298e+02
   4.6310683e+01   1.0636805e+03   1.9818596e+02
   2.1278039e+02   8.0273262e+02   1.6313180e+02
   1.7155212e+02   8.9919484e+02   2.9587210e+02
   3.2749128e+02   1.0489234e+03   1.9080089e+02
   2.5507208e+02   1.0917985e+03   2.0831317e+02
   3.7510192e+02   8.9510464e+02   3.6644043e+02
   2.0311359e+02   1.0769706e+03   1.7462810e+02
   3.7304815e+02   1.0092925e+03   1.2402169e+02
   2.7762696e+02   9.0589710e+02   1.2390638e+02
   6.7465102e+01   1.0766753e+03   1.0509853e+02
   1.9915944e+02   9.9948904e+02   2.8306205e+02
   8.6586109e+01   8.1157989e+02   2.2104378e+02
   2.0915703e+02   1.1372253e+03   1.5793010e+02
   2.6989182e+02   8.8361083e+02   1.6225900e+02
   1.1908671e+02   1.0218499e+03   3.9741765e+02
   1.4938098e+01   1.1484247e+03   3.9452138e+02
   2.6397279e+02   1.1514100e+03   3.2068102e+02
   8.5184414e+01   9.8039366e+02   1.1115550e+02
   3.1454976e+02   8.4624525e+02   2.6466374e+02
   2.4581533e+02   1.1512791e+03   2.6140730e+02
   1.2710295e+02   9.9406189e+02   1.4855165e+02
   1.4786935e+02   1.0965704e+03   2.4816914e+02
   1.3719865e+02   9.9583842e+02   1.2246972e+02
   1.4641947e+02   1.1368384e+03   1.3667750e+02
   3.3568973e+02   7.8581133e+02   1.3040198e+02
   2.6232293e+02   1.0030507e+03   9.6328407e+01
   3.8457864e+02   9.7218196e+02   4.8915584e+01
   1.7772965e+02   8.0767673e+02   1.7427936e+02
   2.1530454e+02   1.1295488e+03   1.8983061e+02
   2.0090747e+02   8.2307761e+02   1.3737823e+01
   2.2373046e+02   8.9673453e+02   2.8535759e+02
   2.7907485e+02   8.2295398e+02   3.1429944e+02
   8.6636898e+01   1.0057254e+03   2.1695294e+02
   1.8506030e+02   1.0396014e+03   2.9913578e+02
   3.6429642e+02   8.3356113e+02   2.7655207e+02
   1.1271281e+02   8.0531749e+02   3.5474957e+02
   3.2546694e+02   8.3110342e+02   2.4208534e+02
   3.6194046e+02   9.1343675e+02   1.1167723e+02
   1.4975056e+02   8.6089076e+02   1.4296981e+01
   1.9399652e+02   9.4298824e+02   1.1723429e+02
   2.1650598e+02   9.9622661e+02   1.3847386e+02
   2.3583327e+02   8.4163744e+02   1.7933390e+02
   3.3770927e+02   1.0903866e+03   1.1908917e+02
   7.7465387e+01   8.6984157e+02   2.2760549e+02
   3.2193735e+02   1.1495643e+03   1.7676034e+02
   2.7924816e+02   1.1033707e+03   1.1541929e+02
   1.7499932e+02   8.0754433e+02   1.5225073e+02
   7.0275624e+01   8.5732193e+02   1.2769914e+01
   1.6913053e+02   1.0515014e+03   2.4843258e+02
   2.6277552e+02   1.1457011e+03   2.2148764e+02
   1.3876753e+02   7.8518800e+02   2.7995328e+02
   6.9952540e+01   1.0003611e+03   1.4610095e+02
   2.5891967e+02   8.0199446e+02   2.4292525e+02
   5.0825886e+01   7.9480439e+02   2.6541195e+02
   1.6754480e+02   1.0880834e+03   2.6014335e+02
   1.4213967e+02   9.1754995e+02   1.2431984e+02
   1.2871366e+02   8.0012699e+02   1.1441805e+00
   8.8072112e+01   7.9399542e+02   3.1929665e+02
   3.0160023e+01   1.0967299e+03   3.1954845e+02
   3.2105873e+02   8.3707829e+02   1.7829740e+02
   7.3930544e+01   7.8835489e+02   2.4451262e+02
   1.8733420e+02   8.1049918e+02   2.4939815e+02
   2.8034006e+02   8.2881865e+02   1.0886841e+02
   2.9208549e+02   8.4421544e+02   2.5403575e+02
   3.5100891e+02   9.9069910e+02   1.0102295e+02
   2.4292110e+02   8.1296434e+02   3.6051580e+02
   3.3396039e+02   1.0732666e+03   1.9768401e+02
   4.2484800e+01   1.0471791e+03   3.6827681e+02
   2.3170411e+02   8.8828000e+02   9.3788000e+01
   2.5283337e+02   7.9286675e+02   2.4452756e+02
   1.0486639e+01   8.8001450e+02   2.4004649e+02
   2.5442782e+02   8.0288416e+02   1.3671427e+01
   1.0873538e+01   8.4311834e+02   3.2751189e+02
   1.1916061e+02   8.7944419e+02   1.9942541e+02
   1.5958056e+02   9.1878053e+02   2.4770091e+02
   1.8969330e+02   1.0423185e+03   1.0303679e+02
   1.1814004e+01   1.1364540e+03   2.6154761e+01
   6.4263353e+01   1.1167613e+03   5.3874997e+01
   2.3294769e+02   1.0518158e+03   2.4146990e+02
   3.3212111e+02   8.3054806e+02   3.9940911e+02
   3.0046075e+02   1.0091437e+03   1.7093481e+02
   1.5594186e+02   9.1393280e+02   2.5340885e+02
   2.7090251e+02   8.1133976e+02   3.0338054e+01
   2.9203884e+02   8.2567043e+02   1.2367156e+02
   1.2118524e+02   8.2292254e+02   7.6279243e+01
   3.8360052e+02   7.8973877e+02   6.6569796e+01
   2.5087708e+02   8.4878842e+02   3.0822129e+02
   3.9791503e+02   8.7024001e+02   1.4062043e+02
   1.5409341e+02   7.8699116e+02   1.4012231e+02
   1.5769712e+02   8.9243391e+02   2.8266790e+02
   3.0484268e+02   1.0091966e+03   4.3889861e+01
   1.1274186e+02   1.0045840e+03   2.4824575e+02
   3.4696445e+02   9.5318635e+02   4.7096557e+01
   1.7494793e+02   7.9822661e+02   2.0257163e+02
   3.7820915e+02   7.9451806e+02   1.9725266e+02
   1.7737102e+01   7.9177238e+02   1.5043999e+02
   2.7772330e+02   8.1240494e+02   2.3165548e+02
   2.4555944e+02   8.5760974e+02   3.4291009e+02
   2.7553450e+02   8.8327582e+02   1.2274324e+02
   3.1562609e+02   9.5495581e+02   2.4881888e+02
   1.9639437e+02   7.9969916e+02   2.0956881e+02
   2.4814721e+02   8.9210308e+02   1.6115030e+02
   2.3399313e+02   7.8499168e+02   1.7711130e+02
   3.9979212e+02   8.5943297e+02   1.7155325e+02
   2.2148923e+02   8.4398863e+02   1.2687321e+02
   3.2402234e+02   9.2276525e+02   1.4366931e+02
   9.6583071e+01   1.0317986e+03   2.6016812e+01
   3.4522093e+02   9.2148867e+02   2.7416873e+02
   6.8245322e+01   1.0239651e+03   2.0534734e+02
   2.7311284e+02   8.8954345e+02   3.9780391e+02
   2.9716813e+02   9.8533456e+02   1.4864686e+02
   2.2364498e+02   9.8543826e+02   3.1198457e+02
   2.9027242e+02   8.8557325e+02   8.5077151e+01
   2.1867649e+02   9.9896740e+02   2.6075963e+02
   7.6774797e+01   1.0772533e+03   2.3845672e+02
   1.8326596e+02   7.9495162e+02   3.1826959e+02
   1.9189281e+02   1.0719321e+03   2.0982956e+02
   1.0501860e+02   8.8215535e+02   2.1661476e+02
   2.7211759e+02   8.5072707e+02   9.8628155e+01
   1.7429598e+02   9.7261314e+02   8.7837183e+01
   3.3280707e+01   8.6660781e+02   2.8169457e+02
   3.6281408e+02   8.0127083e+02   3.2662058e+02
   3.3990186e+02   8.2934206e+02   9.3223364e+01
   2.1592453e+02   1.0900454e+03   1.8127833e+02
   1.4179446e+02   8.1476194e+02   1.8506202e+02
   3.5648077e+02   8.5577626e+02   1.3341807e+02
   2.6004329e+02   1.0588774e+03   1.5719664e+02
   1.2959525e+02   1.1028063e+03   1.0954766e+02
   1.5041315e+02   8.4049486e+02   1.7595070e+02
   1.7815230e+02   1.1435467e+03   8.6819097e+01
   2.5515008e+02   1.1009400e+03   2.4704095e+02
   9.2412596e+01   8.4514100e+02   8.4766229e+01
   1.2523681e+02   9.6962686e+02   2.6422743e+02
   1.3443858e+02   9.4866026e+02   1.5561719e+02
   2.2183004e+02   8.1914755e+02   2.2246887e+02
   1.1524567e+02   8.5105069e+02   3.8228694e+02
   3.9668382e+02   8.4562914e+02   2.6150680e+02
   1.0135101e+02   1.0980437e+03   2.1725820e+02
   1.7584446e+02   1.0595945e+03   1.4740143e+02
   2.3348323e+02   7.9562457e+02   2.0356977e+02
   7.7276100e+01   9.0951500e+02   2.7323030e+02
   6.5599651e+01   1.0379343e+03   2.5076689e+02
   1.4888410e+02   7.9235846e+02   1.6127838e+02
   3.8932988e+02   7.9337620e+02   1.1461992e+02
   5.9694899e+01   8.1330008e+02   2.7449009e+02
   2.7126656e+02   8.2775413e+02   2.0926963e+02
   1.5027507e+02   7.8700992e+02   1.4851404e+02
   1.9746163e+02   1.1419016e+03   1.8490591e+02
   1.2596740e+02   7.9205515e+02   3.0888366e+02
   1.7387206e+02   8.5777313e+02   2.1608184e+02
   2.4422171e+02   9.1245911e+02   1.2124625e+02
   3.0796311e+02   8.7400455e+02   2.0926753e+01
   1.2378638e+02   8.5550225e+02   2.3960967e+02
   2.1368187e+02   8.3617716e+02   1.5692206e+02
   2.9156829e+02   9.6273188e+02   2.1433675e+02
   3.6236751e+02   8.5977605e+02   1.3768269e+02
   2.5194364e+02   7.8977890e+02   2.2736723e+02
   1.4025601e+02   9.0631792e+02   2.4798205e+01
   2.0035676e+02   8.5102406e+02   2.7200069e+02
   2.8154675e+02   8.3666199e+02   1.4515515e+02
   3.3830822e+02   7.9363467e+02   9.7576742e+01
   2.4419244e+01   9.4495911e+02   2.0875132e+02
   2.8273895e+02   1.0142776e+03   2.9693052e+02
   2.8112536e+02   8.2267317e+02   2.1370766e+01
   7.2463919e+01   8.1768807e+02   2.6623912e+02
   9.6967422e+01   8.0612265e+02   3.1786930e+02
   3.4337654e+02   8.7955550e+02   1.9551210e+02
   3.5166035e+02   8.9938099e+02   2.0022533e+02
   8.3181782e+01   8.0897124e+02   2.4498995e+02
   2.0615761e+02   8.1862107e+02   1.6805187e+02
   2.8953735e+02   9.4782766e+02   9.8227301e+01
   2.3499054e+02   7.9979587e+02   1.7412011e+02
   3.7798368e+02   7.8428061e+02   1.8846453e+02
   3.4250575e+01   7.8557917e+02   3.5331614e+02
   2.3922558e+02   8.5848105e+02   1.9223732e+02
   1.0794318e+02   8.9407035e+02   3.5575448e+02
   7.1914385e+01   9.3102045e+02   2.9062733e+02
   2.8631292e+02   8.1914785e+02   2.3422607e+02
   1.3235052e+02   1.1386233e+03   1.5952055e+02
   2.3266539e+02   8.7158683e+02   8.8660856e+01
   2.3605105e+02   1.1067375e+03   2.2976524e+02
   6.6526113e+01   7.9965946e+02   1.3076167e+02
   2.5965837e+02   1.0041349e+03   1.2489735e+02
   3.8483329e+02   7.9310071e+02   1.1224791e+02
   3.4463578e+02   8.4389054e+02   2.1243983e+02
   1.6939652e+02   9.1825489e+02   3.4792233e+01
   2.5490825e+02   8.4633699e+02   9.6389781e+01
   3.0282196e+02   9.0423843e+02   3.1800539e+02
   8.4094181e+01   8.4531616e+02   9.3174559e+01
   2.0328045e+02   1.0788343e+03   1.2132873e+02
   1.4469769e+02   8.2678973e+02   1.4863643e+02
   6.6247229e+01   8.0932346e+02   2.2971548e+02
   2.1969498e+02   8.1797410e+02   1.4868031e+02
   7.4235295e+01   7.8047943e+02   2.7539166e+02
   4.0875112e+00   7.8249462e+02   1.0497393e+02
   2.0483819e+02   8.7384852e+02   3.0978355e+02
   3.7135101e+02   8.6104996e+02   1.4150452e+02
   1.1847192e+02   1.1514612e+03   1.5514162e+02
   4.0191726e+01   7.9302144e+02   8.9639772e+01
   2.4576378e+02   8.2528431e+02   3.1538489e+02
   3.9182657e+02   1.0254521e+03   1.0540359e+02
   2.4121441e+02   1.0488339e+03   2.9978048e+02
   3.0389988e+02   1.0253732e+03   1.3310194e+02
   2.2568177e+02   1.0656221e+03   9.8806445e+01
   1.7615329e+02   8.1969092e+02   2.7913887e+02
   1.0964889e+02   8.1818306e+02   1.6178196e+02
   3.0803391e+02   7.8008555e+02   2.8343419e+02
   2.0100127e+02   7.9492903e+02   3.1930965e+02
   4.0863806e+01   1.0905528e+03   2.5018873e+01
   1.5971354e+02   1.0645535e+03   1.0138982e+02
   9.9317603e+01   8.5493997e+02   1.6038144e+02
   2.9828063e+02   9.7008909e+02   3.9236774e+01
   2.9133132e+01   9.2641878e+02   6.9162205e+01
   1.1734009e+02   8.3216855e+02   5.1619304e+01
   3.2487033e+01   7.9527182e+02   1.3466178e+02
   7.3890279e+01   7.8295049e+02   1.3876914e+01
   1.1844223e+02   1.0973719e+03   1.1821138e+02
   6.5369162e+01   7.9657431e+02   2.7801076e+02
   2.3443455e+02   8.7897660e+02   2.1490290e+02
   3.6962369e+02   9.5077442e+02   9.0072180e+01
   3.1503420e+02   8.6220824e+02   1.8544274e+02
   1.1279447e+02   6.7463836e+02   3.9498723e+02
   2.1943177e+02   7.7090571e+02   2.6701848e+02
   2.2992756e+02   7.7798742e+02   1.8431448e+02
   3.1845043e+02   6.6018040e+02   1.2168446e+02
   2.0114907e+02   6.9167853e+02   8.7731160e+01
   3.6330422e+02   5.6689815e+02   5.4422306e+00
   5.8545460e+01   6.5901423e+02   9.7522921e+01
   3.1855991e+02   7.3336553e+02   6.0486074e+01
   1.9507770e+02   7.1628371e+02   2.8499146e+02
   2.9193232e+02   7.1830868e+02   1.3597859e+02
   2.8608212e+02   7.3864457e+02   9.8825342e+01
   2.3727065e+01   6.3743024e+02   1.2575979e+01
   2.1851711e+02   6.1515984e+02   1.5567620e+02
   1.3387239e+02   5.7108889e+02   1.5140058e+02
   4.9532418e+01   7.7913967e+02   1.4161679e+01
   2.3558817e+02   7.5649233e+02   9.2711431e+01
   2.3933178e+02   5.6223892e+02   1.0496662e+02
   2.7571266e+01   7.5778713e+02   2.8538090e+02
   3.8863715e+02   6.6308210e+02   2.7743464e+02
   3.7227062e+02   7.4078895e+02   1.4748555e+02
   2.3385098e+02   6.5767199e+02   2.1354479e+02
   9.2336902e+01   6.4043915e+02   1.5033796e+02
   5.7996394e+00   6.2634998e+02   2.6255708e+01
   2.0148852e+02   6.6443430e+02   1.5787995e+02
   1.3590060e+02   5.9636784e+02   1.6486622e+02
   9.6562616e+01   6.1641887e+02   2.4642075e+02
   1.4937049e+02   6.9894136e+02   1.3509834e+02
   1.5827566e+02   6.8093945e+02   3.0202812e+02
   3.3852769e+02   6.2511321e+02   4.7177936e+01
   2.9340821e+02   6.3634624e+02   3.3903101e+02
   2.3682349e+02   6.1811154e+02   1.7431923e+02
   2.3606388e+02   7.1364471e+02   1.7839885e+01
   1.0426777e+02   7.6193809e+02   2.9715395e+02
   2.9766853e+02   6.6665117e+02   2.5416934e+02
   3.5794875e+02   5.7383967e+02   2.8044467e+02
   2.7315715e+02   7.1406470e+02   1.3995612e+02
   1.5043140e+02   7.0146382e+02   2.8963026e+02
   1.3930515e+02   7.2663167e+02   2.8781908e+02
   1.5494184e+02   7.4080177e+02   3.5876546e+02
   9.1799687e+01   7.2266319e+02   1.5862413e+02
   2.4114815e+02   7.3989088e+02   2.7649419e+02
   1.1598679e+02   6.4876015e+02   1.3670178e+02
   3.8555871e+02   7.6995618e+02   3.8409917e+01
   1.9989722e+02   7.6956460e+02   4.0085703e+01
   1.7920419e+02   6.7435518e+02   2.7861034e+02
   1.5261256e+02   7.3068637e+02   2.5337083e+02
   3.0197389e+02   7.6040162e+02   1.2095858e+02
   2.8009282e+02   7.4830270e+02   1.1924787e+02
   2.0819877e+02   7.0472785e+02   2.7139452e+02
   2.7482147e+02   6.7037713e+02   2.3608660e+02
   2.5448135e+02   7.7118737e+02   4.5952949e+01
   1.2330107e+02   7.7823413e+02   2.2001320e+02
   2.3883281e+02   6.6345313e+02   2.2388439e+02
   1.8823193e+02   7.4297701e+02   1.1704552e+02
   1.2203558e+02   5.7843490e+02   1.0164987e+01
   7.5932150e+01   5.7848255e+02   2.1332544e+02
   2.6100698e+02   6.6732423e+02   2.8752441e+02
   8.5664075e+01   6.0755127e+02   2.7875651e+01
   4.9481950e+01   6.5284879e+02   1.8479080e+02
   2.3300772e+02   6.8416608e+02   1.0029965e+02
   2.5651211e+02   6.1546088e+02   3.6359592e+02
   2.7814206e+01   7.0950789e+02   3.2443573e+01
   2.0080633e+02   7.7134430e+02   1.0801778e+02
   2.0333877e+01   7.4565351e+02   1.1767656e+02
   3.3404367e+02   7.4001390e+02   2.0295536e+02
   1.5335773e+01   6.2085993e+02   1.4007873e+02
   7.8313809e+01   5.9202880e+02   3.6863660e+02
   1.4034705e+02   7.0927693e+02   3.8376161e+01
   1.2520974e+02   6.8040370e+02   2.6572108e+02
   1.0370289e+02   6.6825538e+02   1.4701823e+02
   1.1789871e+02   3.7875455e+02   3.2412538e+02
   2.0925419e+02   3.5856515e+02   3.2783986e+02
   6.8882774e+01   4.5921166e+02   1.5765487e+02
   1.8869729e+02   5.3607322e+02   3.5512903e+02
   6.6570628e+01   4.2297615e+02   6.9077436e+01
   3.3678093e+02   3.4868595e+02   2.6392264e+02
   3.1706401e+02   5.2934716e+02   1.9069909e+02
   1.3389149e+02   4.6506543e+02   3.0508013e+01
   3.7810539e+02   5.3558464e+02   2.9685704e+02
   2.3527459e+02   5.0852452e+02   1.8162756e+02
   1.2077298e+02   4.8061076e+02   1.1149640e+01
   1.4053520e+02   3.9327383e+02   3.7245521e+01
   3.6551896e+02   2.8879609e+02   3.4931290e+02
