   1.5213534e+01   1.2263097e+03   1.2880445e+02
   1.7145485e+02   1.3005928e+03   2.2075178e+02
   1.8670454e+02   1.2147820e+03   1.7448047e+02
   2.3263630e+02   1.6044463e+03   1.4952464e+02
   5.2682016e+01   1.6609897e+03   2.0350640e+02
   2.0222397e+02   1.6222363e+03   3.6789226e+01
   2.9848944e+02   1.1630669e+03   3.4486376e+02
   2.3560697e+02   1.3501938e+03   1.1153346e+02
   3.0737214e+02   1.5899989e+03   1.7217653e+02
   1.0971991e+01   1.3038689e+03   1.4242557e+02
   3.6302108e+02   1.2776915e+03   1.7794324e+02
   9.5961308e+01   1.2718219e+03   1.8358680e+02
   2.0562010e+02   1.3307181e+03   2.8683568e+02
   5.6701441e+01   1.1707915e+03   4.4589888e+00
   3.0519719e+02   1.4671394e+03   1.7596617e+02
   9.8820106e+01   1.3085990e+03   2.4823733e+02
   3.5117483e+02   1.3475063e+03   2.0932720e+02
   2.5547307e+02   1.4892206e+03   1.5502739e+02
   1.2162885e+02   1.4194778e+03   1.2220676e+02
   3.6377820e+02   1.4859909e+03   2.1686302e+02
   2.1033235e+02   1.2506701e+03   2.8977886e+02
   2.6949612e+02   1.4816924e+03   2.1765530e+01
   2.4549086e+02   1.2644212e+03   2.2100683e+02
   2.1080178e+02   1.2441684e+03   1.3517740e+02
   2.3321366e+02   1.4272845e+03   2.3967748e+02
   2.7468684e+02   1.2438570e+03   3.5093767e+02
   4.0098196e+01   1.2942217e+03   2.8090157e+02
   1.6123564e+02   1.4021893e+03   1.5308608e+02
   1.2926269e+02   1.6897672e+03   1.3993319e+02
   1.4372731e+02   1.4364394e+03   1.5099521e+02
   7.4290045e+01   1.1950328e+03   2.0861145e+02
   9.5852181e+01   1.3914583e+03   1.4863804e+02
   6.5159918e+00   1.2923628e+03   1.8755909e+02
   1.0610710e+02   1.2759283e+03   1.0349119e+01
   1.5405740e+02   1.6060285e+03   3.2989830e+02
   5.5922972e+01   1.1851334e+03   2.2079403e+02
   4.8884347e+01   1.2432673e+03   2.4021988e+02
   9.7471511e+01   1.2192241e+03   8.0616777e+01
   2.3536845e+01   1.2886373e+03   1.6083016e+02
   1.6182150e+02   1.6749390e+03   2.2604886e+02
   2.0339454e+02   1.2432863e+03   1.6021624e+02
   1.3323383e+02   1.2797520e+03   1.1239391e+02
   2.2306830e+02   1.6430720e+03   2.5177293e+02
   3.1942730e+01   1.6713223e+03   3.3147875e+02
   3.3888894e+02   1.1829905e+03   7.5367570e+01
   2.1731711e+02   1.2027247e+03   3.6297568e+02
   3.8658551e+02   1.2434364e+03   3.3708225e+02
   1.9352427e+02   1.2107549e+03   1.5602997e+02
   3.7689410e+02   1.1948873e+03   3.3821062e+02
   1.3524478e+02   1.5460275e+03   1.2457462e+02
   1.3370686e+02   1.1721149e+03   2.5100655e+02
   2.1054916e+02   1.7606595e+03   1.1806280e+02
   7.4204606e+01   1.2145670e+03   9.3405393e+01
   2.3718940e+02   1.7711917e+03   2.5659054e+02
   2.1701321e+02   1.3941550e+03   3.3782012e+02
   1.5774974e+02   1.1955066e+03   6.8209721e+01
   3.2570343e+02   1.1810555e+03   1.4173001e+02
   2.0094519e+02   1.2147752e+03   1.1451083e+02
   1.1982374e+02   1.6051727e+03   1.4142394e+02
   3.0441366e+02   1.5162094e+03   2.1671826e+02
   2.7700755e+02   1.8570560e+03   1.6459108e+02
   3.1956633e+02   1.3899915e+03   9.8582013e+01
   2.6908945e+02   1.3495860e+03   1.2982204e+02
   1.8866149e+02   1.3226036e+03   2.9023773e+02
   1.3052648e+02   1.2243761e+03   2.0741054e+02
   1.0281386e+02   1.5620746e+03   1.6908485e+02
   3.5855377e+02   8.2480395e+02   6.8155611e+01
   4.0568508e+01   1.0154444e+03   1.5291086e+02
   2.3941819e+02   9.0870748e+02   2.0821083e+02
   7.7264828e+01   8.8966244e+02   2.2700034e+02
   3.7598587e+02   9.9118635e+02   1.7147264e+02
   2.0987721e+02   7.8589192e+02   3.2988310e+02
   2.0400840e+02   9.6352759e+02   3.3096146e+02
   1.8898703e+02   1.0446887e+03   1.8938676e+02
   3.1173217e+02   1.0189807e+03   1.5526079e+02
   2.1366578e+02   1.1571449e+03   1.2087071e+02
   1.7734990e+02   1.0593114e+03   3.0533630e+02
   3.5462077e+02   9.5474554e+02   3.4377162e+02
   3.6616538e+02   8.7459362e+02   3.5577976e+02
   6.8104724e+01   1.0553448e+03   1.8735905e+02
   1.7084177e+02   1.0728098e+03   2.6410296e+02
   3.5997578e+02   8.3526659e+02   1.4415384e+02
   1.5233351e+02   1.0899780e+03   1.3439314e+02
   7.1346678e+01   1.0689991e+03   1.9532132e+02
   1.3457125e+02   8.2602816e+02   1.2565139e+02
   2.5307395e+02   8.2052596e+02   1.5693995e+02
   2.3049205e+02   1.0427292e+03   7.9867749e+01
   7.8250396e+00   1.1238848e+03   2.0120561e+02
   4.6310683e+01   1.0636805e+03   1.9818596e+02
   2.1278039e+02   8.0273262e+02   1.6313180e+02
   1.7155212e+02   8.9919484e+02   2.9587210e+02
   3.2749128e+02   1.0489234e+03   1.9080089e+02
   2.5507208e+02   1.0917985e+03   2.0831317e+02
   3.7510192e+02   8.9510464e+02   3.6644043e+02
   2.0311359e+02   1.0769706e+03   1.7462810e+02
   2.7762696e+02   9.0589710e+02   1.2390638e+02
   1.9915944e+02   9.9948904e+02   2.8306205e+02
   8.6586109e+01   8.1157989e+02   2.2104378e+02
   2.0915703e+02   1.1372253e+03   1.5793010e+02
   2.6989182e+02   8.8361083e+02   1.6225900e+02
   8.5184414e+01   9.8039366e+02   1.1115550e+02
   1.2710295e+02   9.9406189e+02   1.4855165e+02
   1.4786935e+02   1.0965704e+03   2.4816914e+02
   1.4641947e+02   1.1368384e+03   1.3667750e+02
   2.6232293e+02   1.0030507e+03   9.6328407e+01
   1.7772965e+02   8.0767673e+02   1.7427936e+02
   2.0090747e+02   8.2307761e+02   1.3737823e+01
   2.2373046e+02   8.9673453e+02   2.8535759e+02
   2.7907485e+02   8.2295398e+02   3.1429944e+02
   1.8506030e+02   1.0396014e+03   2.9913578e+02
   3.6429642e+02   8.3356113e+02   2.7655207e+02
   1.1271281e+02   8.0531749e+02   3.5474957e+02
   3.2546694e+02   8.3110342e+02   2.4208534e+02
   3.6194046e+02   9.1343675e+02   1.1167723e+02
   1.4975056e+02   8.6089076e+02   1.4296981e+01
   1.9399652e+02   9.4298824e+02   1.1723429e+02
   2.1650598e+02   9.9622661e+02   1.3847386e+02
   2.3583327e+02   8.4163744e+02   1.7933390e+02
   7.7465387e+01   8.6984157e+02   2.2760549e+02
   7.0275624e+01   8.5732193e+02   1.2769914e+01
   1.6913053e+02   1.0515014e+03   2.4843258e+02
   2.6277552e+02   1.1457011e+03   2.2148764e+02
   6.9952540e+01   1.0003611e+03   1.4610095e+02
   1.4213967e+02   9.1754995e+02   1.2431984e+02
   3.0160023e+01   1.0967299e+03   3.1954845e+02
   7.3930544e+01   7.8835489e+02   2.4451262e+02
   2.4292110e+02   8.1296434e+02   3.6051580e+02
   4.2484800e+01   1.0471791e+03   3.6827681e+02
   2.5283337e+02   7.9286675e+02   2.4452756e+02
   2.5442782e+02   8.0288416e+02   1.3671427e+01
   1.1916061e+02   8.7944419e+02   1.9942541e+02
   1.5958056e+02   9.1878053e+02   2.4770091e+02
   1.1814004e+01   1.1364540e+03   2.6154761e+01
   6.4263353e+01   1.1167613e+03   5.3874997e+01
   3.3212111e+02   8.3054806e+02   3.9940911e+02
   3.0046075e+02   1.0091437e+03   1.7093481e+02
   1.5594186e+02   9.1393280e+02   2.5340885e+02
   2.7090251e+02   8.1133976e+02   3.0338054e+01
   2.5087708e+02   8.4878842e+02   3.0822129e+02
   3.9791503e+02   8.7024001e+02   1.4062043e+02
   1.5409341e+02   7.8699116e+02   1.4012231e+02
   1.5769712e+02   8.9243391e+02   2.8266790e+02
   1.1274186e+02   1.0045840e+03   2.4824575e+02
   1.7494793e+02   7.9822661e+02   2.0257163e+02
   3.7820915e+02   7.9451806e+02   1.9725266e+02
   2.4555944e+02   8.5760974e+02   3.4291009e+02
   2.7553450e+02   8.8327582e+02   1.2274324e+02
   1.9639437e+02   7.9969916e+02   2.0956881e+02
   2.4814721e+02   8.9210308e+02   1.6115030e+02
   2.3399313e+02   7.8499168e+02   1.7711130e+02
   3.9979212e+02   8.5943297e+02   1.7155325e+02
   2.2148923e+02   8.4398863e+02   1.2687321e+02
   9.6583071e+01   1.0317986e+03   2.6016812e+01
   3.4522093e+02   9.2148867e+02   2.7416873e+02
   6.8245322e+01   1.0239651e+03   2.0534734e+02
   2.7311284e+02   8.8954345e+02   3.9780391e+02
   2.9716813e+02   9.8533456e+02   1.4864686e+02
   2.2364498e+02   9.8543826e+02   3.1198457e+02
   1.8326596e+02   7.9495162e+02   3.1826959e+02
   1.9189281e+02   1.0719321e+03   2.0982956e+02
   1.0501860e+02   8.8215535e+02   2.1661476e+02
   2.7211759e+02   8.5072707e+02   9.8628155e+01
   1.7429598e+02   9.7261314e+02   8.7837183e+01
   3.3280707e+01   8.6660781e+02   2.8169457e+02
   1.4179446e+02   8.1476194e+02   1.8506202e+02
   3.5648077e+02   8.5577626e+02   1.3341807e+02
   1.2959525e+02   1.1028063e+03   1.0954766e+02
   1.5041315e+02   8.4049486e+02   1.7595070e+02
   9.2412596e+01   8.4514100e+02   8.4766229e+01
   1.2523681e+02   9.6962686e+02   2.6422743e+02
   1.3443858e+02   9.4866026e+02   1.5561719e+02
   2.2183004e+02   8.1914755e+02   2.2246887e+02
   3.9668382e+02   8.4562914e+02   2.6150680e+02
   1.7584446e+02   1.0595945e+03   1.4740143e+02
   2.3348323e+02   7.9562457e+02   2.0356977e+02
   7.7276100e+01   9.0951500e+02   2.7323030e+02
   1.4888410e+02   7.9235846e+02   1.6127838e+02
   3.8932988e+02   7.9337620e+02   1.1461992e+02
   5.9694899e+01   8.1330008e+02   2.7449009e+02
   2.7126656e+02   8.2775413e+02   2.0926963e+02
   1.5027507e+02   7.8700992e+02   1.4851404e+02
   1.9746163e+02   1.1419016e+03   1.8490591e+02
   1.2596740e+02   7.9205515e+02   3.0888366e+02
   1.7387206e+02   8.5777313e+02   2.1608184e+02
   2.4422171e+02   9.1245911e+02   1.2124625e+02
   3.0796311e+02   8.7400455e+02   2.0926753e+01
   1.2378638e+02   8.5550225e+02   2.3960967e+02
   2.1368187e+02   8.3617716e+02   1.5692206e+02
   2.9156829e+02   9.6273188e+02   2.1433675e+02
   2.5194364e+02   7.8977890e+02   2.2736723e+02
   1.4025601e+02   9.0631792e+02   2.4798205e+01
   2.8154675e+02   8.3666199e+02   1.4515515e+02
   3.3830822e+02   7.9363467e+02   9.7576742e+01
   2.8112536e+02   8.2267317e+02   2.1370766e+01
   7.2463919e+01   8.1768807e+02   2.6623912e+02
   3.4337654e+02   8.7955550e+02   1.9551210e+02
   3.5166035e+02   8.9938099e+02   2.0022533e+02
   8.3181782e+01   8.0897124e+02   2.4498995e+02
   2.0615761e+02   8.1862107e+02   1.6805187e+02
   2.3499054e+02   7.9979587e+02   1.7412011e+02
   3.7798368e+02   7.8428061e+02   1.8846453e+02
   3.4250575e+01   7.8557917e+02   3.5331614e+02
   1.0794318e+02   8.9407035e+02   3.5575448e+02
   7.1914385e+01   9.3102045e+02   2.9062733e+02
   2.8631292e+02   8.1914785e+02   2.3422607e+02
   1.3235052e+02   1.1386233e+03   1.5952055e+02
   2.3266539e+02   8.7158683e+02   8.8660856e+01
   6.6526113e+01   7.9965946e+02   1.3076167e+02
   3.8483329e+02   7.9310071e+02   1.1224791e+02
   1.6939652e+02   9.1825489e+02   3.4792233e+01
   2.0328045e+02   1.0788343e+03   1.2132873e+02
   1.4469769e+02   8.2678973e+02   1.4863643e+02
   6.6247229e+01   8.0932346e+02   2.2971548e+02
   2.1969498e+02   8.1797410e+02   1.4868031e+02
   7.4235295e+01   7.8047943e+02   2.7539166e+02
   4.0875112e+00   7.8249462e+02   1.0497393e+02
   3.7135101e+02   8.6104996e+02   1.4150452e+02
   1.1847192e+02   1.1514612e+03   1.5514162e+02
   2.4576378e+02   8.2528431e+02   3.1538489e+02
   3.0389988e+02   1.0253732e+03   1.3310194e+02
   1.0964889e+02   8.1818306e+02   1.6178196e+02
   3.0803391e+02   7.8008555e+02   2.8343419e+02
   2.0100127e+02   7.9492903e+02   3.1930965e+02
   4.0863806e+01   1.0905528e+03   2.5018873e+01
   1.5971354e+02   1.0645535e+03   1.0138982e+02
   9.9317603e+01   8.5493997e+02   1.6038144e+02
   2.9828063e+02   9.7008909e+02   3.9236774e+01
   1.1734009e+02   8.3216855e+02   5.1619304e+01
   3.2487033e+01   7.9527182e+02   1.3466178e+02
   7.3890279e+01   7.8295049e+02   1.3876914e+01
   1.1844223e+02   1.0973719e+03   1.1821138e+02
   6.5369162e+01   7.9657431e+02   2.7801076e+02
   2.3443455e+02   8.7897660e+02   2.1490290e+02
   3.6962369e+02   9.5077442e+02   9.0072180e+01
   3.1503420e+02   8.6220824e+02   1.8544274e+02
   2.1943177e+02   7.7090571e+02   2.6701848e+02
   2.0114907e+02   6.9167853e+02   8.7731160e+01
   3.1855991e+02   7.3336553e+02   6.0486074e+01
   1.9507770e+02   7.1628371e+02   2.8499146e+02
   2.8608212e+02   7.3864457e+02   9.8825342e+01
   1.3387239e+02   5.7108889e+02   1.5140058e+02
   4.9532418e+01   7.7913967e+02   1.4161679e+01
   2.3933178e+02   5.6223892e+02   1.0496662e+02
   2.7571266e+01   7.5778713e+02   2.8538090e+02
   3.7227062e+02   7.4078895e+02   1.4748555e+02
   5.7996394e+00   6.2634998e+02   2.6255708e+01
   2.0148852e+02   6.6443430e+02   1.5787995e+02
   1.3590060e+02   5.9636784e+02   1.6486622e+02
   1.4937049e+02   6.9894136e+02   1.3509834e+02
   3.3852769e+02   6.2511321e+02   4.7177936e+01
   2.9340821e+02   6.3634624e+02   3.3903101e+02
   2.3682349e+02   6.1811154e+02   1.7431923e+02
   2.3606388e+02   7.1364471e+02   1.7839885e+01
   2.7315715e+02   7.1406470e+02   1.3995612e+02
   2.4114815e+02   7.3989088e+02   2.7649419e+02
   1.1598679e+02   6.4876015e+02   1.3670178e+02
   1.7920419e+02   6.7435518e+02   2.7861034e+02
   1.5261256e+02   7.3068637e+02   2.5337083e+02
   3.0197389e+02   7.6040162e+02   1.2095858e+02
   2.8009282e+02   7.4830270e+02   1.1924787e+02
   2.0819877e+02   7.0472785e+02   2.7139452e+02
   2.7482147e+02   6.7037713e+02   2.3608660e+02
   1.8823193e+02   7.4297701e+02   1.1704552e+02
   1.2203558e+02   5.7843490e+02   1.0164987e+01
   2.6100698e+02   6.6732423e+02   2.8752441e+02
   8.5664075e+01   6.0755127e+02   2.7875651e+01
   4.9481950e+01   6.5284879e+02   1.8479080e+02
   2.3300772e+02   6.8416608e+02   1.0029965e+02
   2.5651211e+02   6.1546088e+02   3.6359592e+02
   2.0080633e+02   7.7134430e+02   1.0801778e+02
   3.3404367e+02   7.4001390e+02   2.0295536e+02
   1.5335773e+01   6.2085993e+02   1.4007873e+02
   1.2520974e+02   6.8040370e+02   2.6572108e+02
   1.0370289e+02   6.6825538e+02   1.4701823e+02
   1.1789871e+02   3.7875455e+02   3.2412538e+02
   2.0925419e+02   3.5856515e+02   3.2783986e+02
   6.8882774e+01   4.5921166e+02   1.5765487e+02
   1.8869729e+02   5.3607322e+02   3.5512903e+02
   3.1706401e+02   5.2934716e+02   1.9069909e+02
   1.4053520e+02   3.9327383e+02   3.7245521e+01
   3.6551896e+02   2.8879609e+02   3.4931290e+02
