   1.7145485e+02   1.3005928e+03   2.2075178e+02
   2.4751520e+02   1.1806377e+03   1.8353195e+02
   1.7987024e+02   1.3866469e+03   1.1308174e+02
   2.5744923e+02   1.4122686e+03   2.0079606e+02
   2.0527464e+02   1.3428938e+03   2.0991539e+02
   1.6525047e+02   1.2718465e+03   1.1047066e+02
   6.7275201e+01   1.1819780e+03   1.1089259e+02
   2.1080178e+02   1.2441684e+03   1.3517740e+02
   2.5755050e+02   1.1891985e+03   8.7311994e+01
   1.4372731e+02   1.4364394e+03   1.5099521e+02
   7.4290045e+01   1.1950328e+03   2.0861145e+02
   1.5686906e+02   1.2295189e+03   1.5870864e+02
   3.6985819e+02   1.4567374e+03   1.0296599e+02
   1.9352427e+02   1.2107549e+03   1.5602997e+02
   2.4047085e+02   1.7141115e+03   2.3516492e+02
   2.7870152e+02   1.2496120e+03   1.2008044e+02
   1.5602393e+02   1.8301402e+03   1.7446702e+02
   1.6865440e+02   1.8387914e+03   1.6772863e+02
   2.6274698e+02   1.7971981e+03   2.1602707e+02
   1.8666714e+02   8.5309310e+02   1.6155208e+02
   2.3941819e+02   9.0870748e+02   2.0821083e+02
   1.8367691e+02   1.0030874e+03   2.7251924e+02
   1.8898703e+02   1.0446887e+03   1.8938676e+02
   1.2094059e+02   1.0951832e+03   2.0948632e+02
   2.1007110e+02   1.0743769e+03   2.5907555e+02
   2.0377123e+02   7.9013581e+02   3.6886187e+02
   9.0793686e+01   9.2853991e+02   7.7933948e+01
   3.0733004e+02   9.5547713e+02   1.5598964e+02
   2.6828804e+02   9.7300755e+02   1.1458313e+02
   1.7931791e+02   9.8402265e+02   5.6484047e+01
   1.6290329e+02   8.4752997e+02   2.8072398e+02
   2.1278039e+02   8.0273262e+02   1.6313180e+02
   2.0915703e+02   1.1372253e+03   1.5793010e+02
   2.6061608e+02   8.0483693e+02   1.2930270e+02
   2.5972093e+02   9.5151205e+02   2.5733981e+02
   1.9547049e+02   8.6832656e+02   7.1175423e+01
   2.6739506e+02   8.0424496e+02   3.1041758e+02
   1.7499932e+02   8.0754433e+02   1.5225073e+02
   2.5033099e+02   8.1514199e+02   4.3184911e+01
   1.1815307e+02   9.1758811e+02   2.6708344e+02
   3.0902909e+02   8.4613870e+02   7.7960917e+01
   2.1015690e+02   9.0123844e+02   2.3146868e+02
   6.3082120e+01   8.8070502e+02   1.4418191e+02
   1.8913478e+02   7.9353247e+02   2.6532298e+02
   2.9203884e+02   8.2567043e+02   1.2367156e+02
   1.3831956e+02   8.6745673e+02   9.3273408e+01
   4.7696857e+01   9.8537225e+02   2.6549778e+02
   1.0060055e+02   9.1200434e+02   2.6285721e+02
   1.6687235e+02   8.9595751e+02   3.0388914e+02
   2.8467798e+02   8.3659651e+02   2.3918444e+02
   1.9189281e+02   1.0719321e+03   2.0982956e+02
   3.3280707e+01   8.6660781e+02   2.8169457e+02
   3.5648077e+02   8.5577626e+02   1.3341807e+02
   1.5041315e+02   8.4049486e+02   1.7595070e+02
   9.7348991e+01   8.5794169e+02   1.9263000e+02
   2.8474517e+02   8.9843502e+02   1.2594098e+02
   1.4888410e+02   7.9235846e+02   1.6127838e+02
   3.8932988e+02   7.9337620e+02   1.1461992e+02
   1.5027507e+02   7.8700992e+02   1.4851404e+02
   1.9746163e+02   1.1419016e+03   1.8490591e+02
   1.2596740e+02   7.9205515e+02   3.0888366e+02
   1.7387206e+02   8.5777313e+02   2.1608184e+02
   2.4422171e+02   9.1245911e+02   1.2124625e+02
   3.0796311e+02   8.7400455e+02   2.0926753e+01
   1.3192968e+02   8.2642862e+02   2.4755258e+02
   2.1368187e+02   8.3617716e+02   1.5692206e+02
   5.3312242e+01   1.1187128e+03   7.6993737e+01
   1.6794395e+02   9.3175138e+02   1.7970935e+02
   3.1262676e+02   1.1245592e+03   2.2985829e+02
   2.0035676e+02   8.5102406e+02   2.7200069e+02
   2.8154675e+02   8.3666199e+02   1.4515515e+02
   3.4337654e+02   8.7955550e+02   1.9551210e+02
   3.5166035e+02   8.9938099e+02   2.0022533e+02
   2.0615761e+02   8.1862107e+02   1.6805187e+02
   1.7578532e+02   1.1490708e+03   1.2767799e+02
   2.8509128e+02   1.0442520e+03   3.8877707e+02
   1.8776682e+02   8.4368667e+02   1.6132807e+02
   2.2221573e+02   9.4332881e+02   3.0316000e+02
   7.1914385e+01   9.3102045e+02   2.9062733e+02
   2.3605105e+02   1.1067375e+03   2.2976524e+02
   2.5965837e+02   1.0041349e+03   1.2489735e+02
   2.5490825e+02   8.4633699e+02   9.6389781e+01
   3.2229766e+02   9.3872657e+02   2.6956224e+02
   2.0328045e+02   1.0788343e+03   1.2132873e+02
   1.4469769e+02   8.2678973e+02   1.4863643e+02
   2.1969498e+02   8.1797410e+02   1.4868031e+02
   2.5976429e+02   9.1458232e+02   2.9188826e+02
   2.9159422e+02   9.5679144e+02   5.9538350e+01
   3.0389988e+02   1.0253732e+03   1.3310194e+02
   2.2568177e+02   1.0656221e+03   9.8806445e+01
   3.7179609e+02   1.0692032e+03   2.1170211e+02
   1.5041936e+02   9.0518979e+02   2.6869692e+02
   1.1844223e+02   1.0973719e+03   1.1821138e+02
   2.3443455e+02   8.7897660e+02   2.1490290e+02
   3.6962369e+02   9.5077442e+02   9.0072180e+01
   1.8850203e+02   7.1329257e+02   3.1406324e+02
   2.1899803e+02   5.5104896e+02   3.1985773e+02
   3.8242193e+01   6.5659493e+02   3.8405819e+02
   2.2061734e+02   7.3061333e+02   3.0185531e+02
   1.7093236e+02   7.7935073e+02   1.7192557e+02
   2.1943177e+02   7.7090571e+02   2.6701848e+02
   2.2538690e+02   7.6669232e+02   2.2160161e+02
   2.7781731e+02   5.7901346e+02   3.6181548e+02
   3.9532949e+02   5.4558461e+02   3.4902411e+02
   3.4436924e+02   5.5217287e+02   1.0809033e+02
   3.0891165e+02   7.6818420e+02   2.8215124e+02
   2.6011295e+02   5.6097385e+02   2.5022642e+02
   2.9388828e+02   5.8988235e+02   1.6678093e+02
   1.4044662e+02   6.6076350e+02   1.6152245e+02
   3.5849529e+01   5.8435025e+02   2.3196883e+02
   1.6063920e+02   7.4826385e+02   1.0329606e+02
   4.7502775e+00   7.3835803e+02   1.0439978e+02
   6.5415623e+01   7.5785532e+02   1.8016946e+02
   2.2992756e+02   7.7798742e+02   1.8431448e+02
   2.0152825e+02   6.6575460e+02   2.3727810e+02
   1.9106344e+02   6.9530243e+02   2.4331377e+02
   1.0327824e+02   6.2436063e+02   1.2398529e+02
   1.8132560e+02   6.2427409e+02   1.1144935e+02
   4.5294698e+01   5.4287155e+02   1.7337799e+02
   3.4642919e+01   5.6925980e+02   2.6521987e+02
   3.7058398e+02   7.6456793e+02   1.6469218e+02
   1.6953789e+02   6.0990408e+02   2.8931107e+02
   2.8730099e+02   6.7988396e+02   2.0843180e+02
   1.3070306e+02   6.7465814e+02   3.4540356e+02
   1.7238659e+02   6.6958682e+02   1.0144704e+02
   3.6330422e+02   5.6689815e+02   5.4422306e+00
   5.8545460e+01   6.5901423e+02   9.7522921e+01
   6.3369423e+01   5.5023679e+02   2.0727315e+02
   2.6185715e+02   5.7053341e+02   2.3090213e+02
   3.9491614e+02   5.9350582e+02   1.3194688e+02
   1.9507770e+02   7.1628371e+02   2.8499146e+02
   5.0283015e+01   6.2878120e+02   1.4569713e+02
   1.8303605e+02   6.0571749e+02   3.0526109e+02
   2.1851711e+02   6.1515984e+02   1.5567620e+02
   6.4172662e+01   7.7057099e+02   5.2480445e+01
   2.1368805e+02   6.5762365e+02   3.3414738e+02
   1.8012245e+02   5.7526308e+02   1.1054402e+02
   1.7138464e+02   6.4872941e+02   1.3530872e+02
   1.9314419e+02   6.3685345e+02   3.2147698e+02
   1.3387239e+02   5.7108889e+02   1.5140058e+02
   3.8498335e+02   5.6215094e+02   9.1040945e+01
   2.0489641e+02   6.9190024e+02   1.8009953e+02
   1.2898802e+02   6.3641562e+02   3.1426714e+02
   3.1226221e+02   5.9991281e+02   8.4488464e+01
   2.3933178e+02   5.6223892e+02   1.0496662e+02
   9.9309829e+01   6.9946551e+02   6.6625959e+00
   3.2761904e+02   7.1292206e+02   3.8858076e+02
   2.3385098e+02   6.5767199e+02   2.1354479e+02
   2.0148852e+02   6.6443430e+02   1.5787995e+02
   9.6562616e+01   6.1641887e+02   2.4642075e+02
   2.3682349e+02   6.1811154e+02   1.7431923e+02
   2.7229030e+01   6.3081612e+02   1.7270619e+02
   2.9637374e+02   5.7550311e+02   2.7902680e+02
   1.8483556e+02   7.7306014e+02   1.5231979e+02
   8.4878069e+01   6.6568218e+02   3.4425522e+02
   2.6482207e+02   6.8669362e+02   1.7115367e+02
   3.0233257e+02   7.1818472e+02   1.2507852e+02
   3.0209597e+00   6.5255234e+02   2.2022799e+02
   8.9807739e+01   6.6135131e+02   3.5418099e+02
   1.8404307e+02   6.8909758e+02   2.0778578e+02
   3.8670273e+02   5.4769880e+02   1.8239230e+01
   1.7637983e+02   5.4150824e+02   9.0796030e+01
   1.6704773e+02   6.9529632e+02   2.0799563e+02
   1.7820430e+02   6.3106945e+02   2.2953334e+02
   2.6634709e+02   5.4376012e+02   2.3886704e+02
   1.9621305e+02   5.9594170e+02   1.8989282e+02
   1.3719374e+02   5.7491357e+02   1.8482716e+02
   1.0690976e+02   5.7138188e+02   5.3108207e+01
   2.6538637e+02   6.5080100e+02   2.6652662e+02
   1.4767716e+02   6.2937087e+02   1.7571709e+02
   1.0505797e+02   7.2745617e+02   3.2643751e+01
   1.3930515e+02   7.2663167e+02   2.8781908e+02
   1.3086763e+02   5.4367305e+02   1.7530125e+02
   3.9107468e+02   7.6408966e+02   2.3468163e+02
   1.1103699e+02   6.1088723e+02   2.9473690e+02
   3.2258599e+01   6.8482652e+02   3.4589441e+02
   1.5660687e+02   5.9297680e+02   2.2350265e+02
   1.5494184e+02   7.4080177e+02   3.5876546e+02
   1.7701613e+02   6.2904220e+02   1.6704958e+02
   3.8109531e+02   7.1531106e+02   2.7042599e+02
   3.9601346e+02   7.5803676e+02   2.7040055e+02
   1.0827376e+02   5.9261091e+02   1.9298907e+02
   2.5130245e+01   6.4639577e+02   4.8481863e+01
   1.6903282e+02   7.6402234e+02   2.3579610e+02
   1.3056535e+02   5.5383359e+02   3.8249858e+02
   1.6021203e+02   5.4719556e+02   1.3306025e+02
   1.9108340e+02   7.6565547e+02   3.2598653e+02
   1.8374757e+02   6.2006903e+02   1.0230120e+02
   2.2330011e+02   6.5946396e+02   3.3308750e+02
   1.7805496e+02   7.1181213e+02   3.5304752e+02
   7.8916562e+01   5.4854432e+02   2.5894465e+02
   3.1523119e+02   7.7772560e+02   2.9636853e+02
   2.2731065e+02   6.8122828e+02   3.8496559e+01
   2.8240695e+02   6.7007786e+02   1.8869937e+02
   4.0639947e+01   6.3333296e+02   2.5525688e+02
   2.3193601e+02   7.3025645e+02   1.5684316e+02
   1.7920419e+02   6.7435518e+02   2.7861034e+02
   3.2397665e+02   7.6381284e+02   2.9154140e+02
   2.9118002e+02   6.6207164e+02   2.5971598e+02
   2.2823867e+02   7.0157310e+02   2.7449461e+02
   3.0197389e+02   7.6040162e+02   1.2095858e+02
   2.8009282e+02   7.4830270e+02   1.1924787e+02
   1.5867049e+02   6.3936906e+02   1.4792399e+02
   3.3051890e+02   6.7295708e+02   1.1071677e+02
   1.1519720e+02   5.6704215e+02   1.5764856e+02
   2.3883281e+02   6.6345313e+02   2.2388439e+02
   3.5268690e+02   6.7228140e+02   1.0547668e+02
   2.4454445e+02   6.4919667e+02   2.4669158e+02
   3.4075368e+02   6.3172799e+02   5.9073973e+01
   3.9699240e+02   5.6435505e+02   5.2048234e+01
   3.2664553e+02   5.6490646e+02   1.7831735e+02
   1.9497621e+02   7.2415022e+02   3.7579022e+02
   2.6323886e+01   6.5238037e+02   9.3755960e+01
   7.5932150e+01   5.7848255e+02   2.1332544e+02
   2.2866779e+02   6.2556344e+02   2.4891488e+02
   1.2143599e+02   7.0408996e+02   2.5461867e+02
   3.5133642e+02   6.0591594e+02   2.8796923e+02
   1.2670079e+02   6.8495325e+02   2.0450070e+02
   2.1570544e+02   7.4119296e+02   1.8107046e+02
   1.6954540e+02   6.9124207e+02   2.7902188e+02
   1.4611046e+02   5.5413977e+02   1.8351211e+02
   2.3648558e+02   7.2297050e+02   1.2053743e+02
   2.5179379e+02   6.6089614e+02   1.6593275e+02
   9.9379206e+01   6.4706239e+02   1.1582492e+02
   6.9945297e+01   7.7149734e+02   3.6061120e+02
   1.9551556e+02   6.7995196e+02   2.4340945e+02
   2.4762217e+02   7.6074525e+02   3.1130849e+01
   2.3860838e+02   5.7472407e+02   1.8311989e+02
   3.5364508e+02   6.6614998e+02   2.3248666e+02
   3.4385361e+02   5.4639896e+02   2.8442397e+02
   1.7307969e+02   6.7695316e+02   6.5815300e+01
   1.1092127e+02   6.2593177e+02   2.9786694e+02
   2.6929563e+02   6.3264306e+02   3.4700621e+02
   1.5427354e+02   6.1506413e+02   2.9922813e+02
   1.3422136e+02   6.7910092e+02   2.4863628e+02
   1.9692781e+02   6.2010898e+02   1.0794807e+02
   3.3404367e+02   7.4001390e+02   2.0295536e+02
   2.0555514e+02   6.2028964e+02   2.2535909e+02
   9.0393753e+01   6.8781639e+02   1.0518224e+02
   1.0958370e+02   7.1568236e+02   3.2397806e+02
   1.9276577e+02   6.5818001e+02   3.7210181e+02
   2.8214836e+02   6.8047061e+02   2.3832176e+01
   6.1082485e+01   7.4204204e+02   1.8539455e+02
   1.7773352e+02   6.5713571e+02   2.3403378e+02
   2.8788548e+02   6.1831414e+02   1.7462416e+02
   1.2181446e+02   6.1699825e+02   2.3313147e+02
   2.8925907e+02   6.8545721e+02   6.1122421e+01
   7.2933498e+01   6.6316715e+02   3.4384088e+02
   3.0900175e+02   3.7292813e+02   3.3575711e+02
   3.8681207e+01   5.7619967e+01   1.9138529e+02
   2.3296493e+02   5.2676796e+02   1.4660090e+02
   6.1843304e+01   9.0814520e+01   1.4217899e+02
   8.2319756e+01   3.1405806e+02   3.4073119e+02
   1.8440206e+02   3.2897135e+02   3.1573996e+02
   5.1231993e+01   3.9013127e+02   1.4349419e+02
   2.4489263e+02   2.3957424e+02   6.7127400e+00
   2.5855066e+02   3.0135897e+02   3.7408996e+02
   1.3191352e+02   2.7948122e+02   2.8051058e+02
   2.1410494e+02   4.9825889e+02   2.8422329e+02
   3.5981409e+02   4.6248002e+02   2.2480008e+02
   2.4259665e+01   3.3978554e+02   9.4183267e+01
   2.3514920e+02   4.7418833e+02   2.7569343e+02
   2.8979917e+02   4.6824772e+02   2.5422333e+02
   3.1152155e+02   5.1832923e+02   1.7389630e+02
   3.3120127e+01   4.2246163e+02   2.1281936e+02
   2.9856545e+02   4.4024683e+02   8.6766312e+01
   2.2139114e+02   4.2666335e+02   1.5577938e+02
   2.0580875e+02   4.8035781e+02   1.7438409e+02
   2.9788061e+02   5.3086903e+02   6.2824193e+01
   2.2665038e+02   4.8187959e+02   5.4129483e+01
   3.7810539e+02   5.3558464e+02   2.9685704e+02
   2.8656668e+02   4.5734344e+02   1.9186041e+02
   1.5263349e+02   2.4682772e+02   2.1377689e+02
   1.6385810e+02   4.8644514e+02   9.5457917e+01
   1.8300352e+02   2.9396476e+02   2.0777486e+02
   1.6114892e+02   5.3152184e+02   9.8784129e+01
   2.0535848e+02   1.6014687e+02   8.2479449e+01
   7.3880215e+01   3.5335786e+02   3.4311577e+02
   1.8654209e+02   3.4535335e+02   1.9121923e+02
   2.5368422e+02   2.1964721e+02   2.1430397e+02
   1.0865011e+02   3.9831073e+02   7.7110509e+01
   2.3056044e+02   5.0502913e+02   3.2968496e+02
   2.1819172e+02   2.9222409e+02   1.8455963e+02
   8.5646695e+01   4.5082275e+02   3.3761329e+02
   3.1783246e+02   2.8097769e+02   2.4577320e+02
   5.7103232e+01   1.4565009e+02   1.6996498e+02
   4.5482033e+01   1.8932116e+02   1.7286816e+02
   1.9829184e+02   5.1467919e+02   1.7051991e+02
   1.2596430e+02   5.1704141e+02   2.4142505e+02
   7.4872194e+01   5.0376896e+02   4.3124086e+00
   1.7424329e+02   2.8361997e+02   1.1504314e+02
