   1.1472769e+02   1.2223680e+03   1.7740397e+02
   1.7616345e+02   1.4987746e+03   1.3203607e+02
   1.7145485e+02   1.3005928e+03   2.2075178e+02
   1.8670454e+02   1.2147820e+03   1.7448047e+02
   2.9746002e+02   1.2179958e+03   3.6237084e+02
   1.4076271e+02   1.4698698e+03   1.5795507e+02
   2.8691453e+02   1.5909343e+03   1.7419573e+02
   1.8665779e+02   1.3978956e+03   1.1416307e+02
   3.6883277e+02   1.5506799e+03   1.3945830e+02
   2.4751520e+02   1.1806377e+03   1.8353195e+02
   2.2293536e+02   1.4668896e+03   1.8809605e+02
   2.8669098e+02   1.1762995e+03   3.9621986e+02
   1.9442335e+02   1.5522678e+03   9.8764996e+01
   3.7060859e+02   1.6086114e+03   1.8511817e+02
   4.4204425e+01   1.2135985e+03   8.0288730e+01
   2.5142758e+02   1.3178677e+03   2.2123587e+02
   2.9255389e+02   1.2148023e+03   8.7311257e+01
   2.4124113e+02   1.2713158e+03   2.3413959e+02
   6.1501899e+01   1.4623156e+03   1.3744255e+02
   3.2139874e+02   1.1759019e+03   2.3656080e+02
   3.4595822e+02   1.2489493e+03   3.0944510e+02
   8.5430091e+01   1.6550582e+03   8.7071285e+01
   1.7530165e+02   1.3617315e+03   1.2197333e+02
   3.0948104e+02   1.5444483e+03   1.8835168e+02
   1.0600450e+02   1.2986823e+03   1.7325638e+02
   1.5515490e+02   1.1818682e+03   1.8846755e+02
   1.7987024e+02   1.3866469e+03   1.1308174e+02
   1.9633047e+02   1.4404862e+03   1.6942511e+02
   3.2979444e+02   1.2383117e+03   3.0699717e+02
   2.3263630e+02   1.6044463e+03   1.4952464e+02
   1.0438217e+02   1.3073431e+03   2.2637890e+02
   1.5088463e+02   1.5985860e+03   1.3066700e+02
   1.1820180e+02   1.2420826e+03   2.2268839e+02
   2.5426928e+02   1.3339255e+03   2.4523763e+02
   3.6226074e+02   1.4680498e+03   2.2999144e+02
   2.1573338e+02   1.2000579e+03   8.2867894e+01
   1.9295555e+02   1.4701124e+03   2.5706253e+02
   1.6638130e+02   1.4121615e+03   1.3841262e+02
   1.7466137e+02   1.5896257e+03   2.4504420e+02
   3.8410096e+02   1.2193148e+03   1.5761534e+02
   3.8295573e+01   1.5834858e+03   8.2605380e+01
   1.5171092e+02   1.5151305e+03   2.0134037e+02
   2.6561729e+02   1.4654822e+03   3.2950871e+02
   9.3517117e+01   1.6177620e+03   1.6355683e+02
   1.6261303e+02   1.5440127e+03   3.1379610e+02
   1.5468341e+02   1.4986608e+03   9.0875530e+01
   2.5744923e+02   1.4122686e+03   2.0079606e+02
   2.2308131e+02   1.1757815e+03   2.2280692e+02
   1.1615409e+02   1.6519614e+03   1.2767424e+02
   3.1725237e+02   1.5770245e+03   6.0232780e+01
   1.8214462e+02   1.2120171e+03   1.2336246e+02
   2.8407976e+02   1.3923234e+03   1.5289003e+02
   1.0020528e+02   1.3800603e+03   1.7334218e+02
   2.0527464e+02   1.3428938e+03   2.0991539e+02
   1.1316016e+02   1.5184822e+03   1.1213828e+02
   2.7269801e+02   1.6332244e+03   7.1228058e+00
   6.6617754e+01   1.2379309e+03   3.8914213e+02
   2.1756958e+02   1.5451266e+03   5.8280921e+01
   2.3560697e+02   1.3501938e+03   1.1153346e+02
   3.0181638e+02   1.4803020e+03   1.6785407e+02
   4.9281552e+01   1.5403573e+03   2.7010735e+02
   2.6951492e+02   1.1637115e+03   1.4556345e+02
   2.5179417e+02   1.5170509e+03   8.4240337e+01
   1.1070350e+01   1.1743949e+03   2.7256333e+02
   9.6808188e+01   1.1931293e+03   3.5972302e+02
   1.1918678e+02   1.4344344e+03   1.0498832e+02
   7.3169617e+01   1.4865549e+03   3.9143974e+01
   1.8725855e+02   1.3610398e+03   1.3795701e+02
   3.1650633e+02   1.6615088e+03   1.6375279e+02
   1.4410236e+02   1.5395318e+03   1.7188577e+02
   1.6525047e+02   1.2718465e+03   1.1047066e+02
   2.1422133e+02   1.5371412e+03   1.5433431e+02
   1.2615350e+01   1.1706567e+03   3.7560293e+02
   2.3402879e+02   1.3836008e+03   1.0257123e+02
   1.0074510e+02   1.3487794e+03   1.3724353e+02
   9.5961308e+01   1.2718219e+03   1.8358680e+02
   1.5286593e+02   1.6402471e+03   2.3456989e+02
   3.1767685e+02   1.5601319e+03   3.0466804e+02
   1.3042971e+02   1.2212324e+03   9.5078663e+01
   1.9185232e+02   1.2027943e+03   9.2783723e+01
   1.2781040e+02   1.3565643e+03   5.6797484e+01
   2.7125638e+02   1.5180626e+03   1.4765401e+02
   2.8718814e+02   1.5377081e+03   1.6079434e+02
   3.0519719e+02   1.4671394e+03   1.7596617e+02
   6.3720763e+01   1.1719650e+03   3.1648072e+02
   1.6632173e+02   1.2546709e+03   2.2464101e+02
   3.4570363e+02   1.3993769e+03   1.0228195e+02
   2.9116903e+02   1.5597130e+03   2.1563638e+02
   1.7666424e+02   1.5950971e+03   1.7148757e+02
   1.8638565e+02   1.3583707e+03   6.8469925e+01
   2.5547307e+02   1.4892206e+03   1.5502739e+02
   1.9665354e+02   1.6001811e+03   2.1141434e+02
   1.2162885e+02   1.4194778e+03   1.2220676e+02
   3.5611921e+02   1.2802309e+03   1.1253149e+02
   3.0146155e+02   1.5523334e+03   1.8427326e+02
   2.1627717e+02   1.2085170e+03   6.1998170e+01
   3.0372731e+01   1.2860268e+03   9.6737105e+01
   2.5281408e+02   1.3683402e+03   8.9183275e+01
   9.8213823e+01   1.3815255e+03   1.0462495e+02
   2.5852890e+02   1.2688351e+03   1.6602055e+02
   2.5618118e+02   1.6280196e+03   3.0794473e+02
   1.9016484e+02   1.2638374e+03   2.9614679e+02
   2.4692452e+02   1.3742037e+03   2.6574561e+02
   2.4549086e+02   1.2644212e+03   2.2100683e+02
   2.1080178e+02   1.2441684e+03   1.3517740e+02
   2.7513203e+02   1.4940144e+03   9.7331764e+01
   8.5509447e+01   1.3516867e+03   6.8698151e+01
   1.9180342e+02   1.1797292e+03   3.4009501e+02
   2.6287107e+02   1.3807493e+03   2.9059787e+02
   3.0170635e+02   1.3481276e+03   1.7920434e+02
   2.3321366e+02   1.4272845e+03   2.3967748e+02
   2.5755050e+02   1.1891985e+03   8.7311994e+01
   3.1629138e+02   1.6762848e+03   1.4813297e+02
   2.8783331e+02   1.5180714e+03   2.4792383e+02
   3.2159692e+02   1.2854955e+03   2.2520075e+02
   2.2271111e+02   1.5337434e+03   1.4251084e+02
   1.8007009e+02   1.2527461e+03   3.3354787e+02
   2.0806250e+02   1.6181328e+03   1.0949107e+02
   1.6885536e+01   1.1867307e+03   2.0505767e+02
   3.6416843e+02   1.1831086e+03   7.5289218e+01
   3.7921391e+02   1.2209540e+03   4.0296761e+01
   3.2386329e+02   1.1872601e+03   2.2482544e+02
   2.9881799e+02   1.3617847e+03   1.6306303e+02
   9.5286626e+01   1.3968248e+03   1.8371988e+02
   9.5155998e+01   1.4488664e+03   9.0675505e+01
   3.3286060e+02   1.4079132e+03   2.2841947e+02
   2.1410980e+02   1.3305398e+03   2.7637860e+01
   1.4294312e+02   1.5841613e+03   2.2199218e+02
   1.6123564e+02   1.4021893e+03   1.5308608e+02
   1.2926269e+02   1.6897672e+03   1.3993319e+02
   9.4612230e+01   1.2595239e+03   1.3113759e+02
   1.4372731e+02   1.4364394e+03   1.5099521e+02
   9.5852181e+01   1.3914583e+03   1.4863804e+02
   2.2926474e+02   1.4947052e+03   2.5372993e+02
   3.7807207e+01   1.1656969e+03   1.1044970e+02
   1.9015386e+02   1.3476262e+03   2.5709058e+02
   1.5686906e+02   1.2295189e+03   1.5870864e+02
   3.1509582e+02   1.4632486e+03   2.9050421e+02
   2.3161138e+02   1.1722577e+03   8.3502868e+01
   1.4019529e+02   1.3514633e+03   9.9578311e+01
   2.3168298e+02   1.5264570e+03   2.6737741e+02
   3.3842057e+02   1.6671189e+03   3.4341420e+02
   2.0283325e+01   1.5097257e+03   2.0614288e+02
   5.5472569e+01   1.3872134e+03   2.3745459e+02
   1.8066358e+02   1.5116019e+03   2.1203743e+01
   1.6846720e+02   1.3822393e+03   2.5996241e+02
   2.0031096e+02   1.2769718e+03   1.4250337e+02
   1.4905731e+02   1.4605518e+03   1.9964766e+02
   1.3857106e+02   1.2110558e+03   2.2306167e+00
   9.8728237e+01   1.6204079e+03   2.1227595e+02
   1.0741656e+02   1.3759343e+03   2.9779478e+02
   1.4350247e+02   1.5104667e+03   1.4866942e+02
   2.2535665e+02   1.4971627e+03   7.7457551e+01
   2.6949068e+02   1.3590045e+03   1.6753709e+02
   3.1921566e+01   1.4799989e+03   1.8600083e+02
   2.6527916e+02   1.3121254e+03   1.2604597e+02
   2.2213099e+02   1.5930026e+03   2.7222287e+02
   2.4714305e+02   1.5515682e+03   1.3396481e+02
   2.6076002e+02   1.4252703e+03   1.7352977e+02
   1.4085026e+02   1.5706676e+03   3.0991288e+01
   1.2071225e+02   1.4138081e+03   2.6373958e+02
   1.5114526e+02   1.4080947e+03   2.8569104e+02
   2.8902100e+02   1.6466897e+03   3.1987858e+02
   3.0068093e+02   1.5955184e+03   2.0163958e+01
   2.0339454e+02   1.2432863e+03   1.6021624e+02
   6.3078788e+00   1.5331115e+03   2.1573332e+02
   2.5077419e+02   1.4284919e+03   1.1265088e+02
   1.7835733e+02   1.3435982e+03   1.4269402e+02
   2.2512714e+02   1.3438953e+03   3.4270513e+02
   1.2283836e+02   1.2243223e+03   1.8261272e+02
   1.5360166e+02   1.2732467e+03   2.6146621e+02
   7.4220055e+01   1.4593575e+03   1.7232152e+02
   3.2516226e+01   1.4776213e+03   6.8722488e+01
   8.9787788e+00   1.2118789e+03   3.3863532e+02
   2.6350424e+02   1.4710196e+03   1.5487118e+02
   2.2884688e+02   1.3616434e+03   1.6597391e+02
   1.7001913e+02   1.4727761e+03   1.4519387e+02
   2.3312162e+02   1.4476247e+03   1.0167151e+02
   2.8780518e+02   1.5322839e+03   3.4327319e+02
   3.1684213e+02   1.5883938e+03   3.0886965e+02
   8.7618964e+01   1.2337752e+03   9.4183242e+01
   1.8452618e+02   1.3876389e+03   2.7759804e+02
   2.2478874e+02   1.4170975e+03   6.3376971e+01
   2.1901011e+02   1.5534245e+03   9.6573584e+01
   1.0501552e+02   1.3512184e+03   1.5112060e+02
   5.8822831e+01   1.3770009e+03   1.5833461e+02
   3.3888894e+02   1.1829905e+03   7.5367570e+01
   2.7428557e+02   1.3403246e+03   3.0232286e+02
   1.9641453e+02   1.4224432e+03   1.6204999e+02
   3.9687468e+02   1.1869523e+03   8.0972584e+01
   3.1761562e+01   1.1605011e+03   3.2065228e+02
   1.7519151e+02   1.3496174e+03   2.1686858e+02
   9.3294671e+01   1.3253477e+03   1.8004534e+02
   1.9352427e+02   1.2107549e+03   1.5602997e+02
   1.4949109e+02   1.5796762e+03   3.7317155e+02
   1.9026329e+02   1.3980842e+03   1.3161041e+02
   3.4867537e+02   1.3527754e+03   2.1675199e+02
   1.8287698e+02   1.1807760e+03   1.8165654e+01
   1.3524478e+02   1.5460275e+03   1.2457462e+02
   2.4678636e+02   1.2578772e+03   1.8599777e+02
   1.3370686e+02   1.1721149e+03   2.5100655e+02
   2.1689042e+02   1.5091590e+03   2.5365255e+01
   1.2852339e+02   1.1651093e+03   3.4913622e+02
   1.7036477e+02   1.1734318e+03   2.3185061e+02
   1.2721946e+02   1.8178422e+03   1.6652780e+02
   1.6637559e+02   1.2504031e+03   1.3179857e+02
   2.8779077e+02   1.2857983e+03   2.8526065e+02
   1.2128290e+02   1.6957907e+03   1.4696624e+02
   1.4892098e+02   1.5327134e+03   1.1184936e+02
   1.6737398e+02   1.4537030e+03   1.2685417e+02
   3.1400729e+02   1.2589489e+03   3.4211963e+02
   3.4940532e+02   1.2145458e+03   1.9793534e+02
   1.9067632e+02   1.5952843e+03   7.8397429e+01
   2.2464126e+02   1.5490622e+03   1.5608932e+02
   1.2735760e+02   1.1788004e+03   2.6599730e+02
   2.4047085e+02   1.7141115e+03   2.3516492e+02
   2.3947066e+02   1.5472268e+03   1.0560542e+02
   2.1054916e+02   1.7606595e+03   1.1806280e+02
   4.8770628e+01   1.1985741e+03   3.6270907e+02
   1.9568909e+02   1.2089253e+03   3.5457365e+02
   3.0734414e+02   1.5230168e+03   2.5258329e+02
   3.3528528e+02   1.2848851e+03   9.9876029e+01
   6.8606324e+01   1.2510335e+03   3.3860530e+02
   2.3873732e+01   1.2389657e+03   1.7324444e+01
   2.2756397e+02   1.5475195e+03   2.2436209e+02
   7.6441189e+01   1.4776699e+03   1.9118394e+02
   1.9561252e+02   1.8206096e+03   1.6937181e+02
   2.3718940e+02   1.7711917e+03   2.5659054e+02
   9.1582427e+01   1.1908490e+03   2.8792814e+02
   2.8075965e+01   1.3399534e+03   3.7730916e+02
   2.8674892e+02   1.2218610e+03   3.0279594e+02
   2.8704034e+02   1.5262149e+03   7.5695778e+01
   2.0953786e+02   1.2150460e+03   3.4252221e+02
   1.4144037e+02   1.1771102e+03   2.4714713e+02
   2.7254231e+02   1.5609005e+03   1.7412354e+02
   1.9286578e+02   1.4781739e+03   1.6828518e+02
   3.2338836e+02   1.5797471e+03   1.1006822e+02
   2.2110533e+02   1.6939561e+03   1.1201407e+02
   9.6110103e+01   1.2423061e+03   1.9065712e+02
   1.2835522e+02   1.3848773e+03   6.3411505e+01
   8.1011767e+01   1.1870983e+03   1.0043775e+02
   5.3934487e+01   1.2400687e+03   1.1274866e+02
   2.7825446e+02   1.2865806e+03   1.4850191e+02
   2.8484887e+02   1.6105423e+03   8.9850926e+01
   2.6846517e+02   1.6877456e+03   8.3615136e+01
   2.0094519e+02   1.2147752e+03   1.1451083e+02
   2.2133310e+02   1.5938151e+03   1.3639000e+02
   1.3809795e+01   1.1871427e+03   1.7990807e+02
   4.5350102e+01   1.3910319e+03   1.7514240e+02
   1.1982374e+02   1.6051727e+03   1.4142394e+02
   3.0441366e+02   1.5162094e+03   2.1671826e+02
   2.7941645e+02   1.2836727e+03   1.0792725e+02
   2.6429454e+02   1.5875695e+03   1.4228814e+02
   1.4172473e+02   1.6469547e+03   2.2348855e+02
   2.7700755e+02   1.8570560e+03   1.6459108e+02
   3.1527722e+02   1.2556686e+03   1.0539467e+02
   1.0045312e+02   1.1670353e+03   2.5388668e+01
   2.2391443e+02   1.5777911e+03   1.4473698e+02
   2.7870152e+02   1.2496120e+03   1.2008044e+02
   1.9876508e+02   1.5737936e+03   8.2894101e+01
   2.1262464e+02   1.2081312e+03   2.9253989e+02
   1.3240993e+02   1.2652465e+03   1.1746069e+01
   3.6341866e+02   1.4356489e+03   2.0177987e+02
   1.3897090e+02   1.2443109e+03   9.1021104e+01
   1.5602393e+02   1.8301402e+03   1.7446702e+02
   1.8158368e+02   1.7449697e+03   2.3198055e+02
   9.9166792e+01   1.2132005e+03   3.1396606e+01
   1.2486837e+02   1.3877622e+03   9.8748074e+01
   1.2146154e+02   1.6117047e+03   1.7941020e+02
   2.3339767e+02   1.2080119e+03   6.0979840e+01
   1.7374171e+02   1.2916283e+03   3.4859277e+01
   2.0581380e+02   1.5656861e+03   1.1113070e+02
   2.6908945e+02   1.3495860e+03   1.2982204e+02
   1.8866149e+02   1.3226036e+03   2.9023773e+02
   1.6865440e+02   1.8387914e+03   1.6772863e+02
   2.8834731e+02   1.1688054e+03   9.7952266e+01
   1.3052648e+02   1.2243761e+03   2.0741054e+02
   8.5870448e+01   1.2637079e+03   1.4828344e+02
   8.7374382e+01   1.1674542e+03   1.1411854e+02
   5.5300669e+01   1.3158364e+03   3.3403006e+02
   8.0818225e+01   1.2049611e+03   2.7119443e+02
   1.0346863e+02   1.2061773e+03   3.3959325e+02
   1.1796196e+02   1.4194157e+03   1.4928774e+02
   2.9722063e+02   1.6435828e+03   1.4456633e+02
   2.6274698e+02   1.7971981e+03   2.1602707e+02
   1.4599725e+02   1.5363395e+03   1.6957915e+02
   2.6436249e+02   1.1677753e+03   3.6493499e+02
   2.2549806e+02   1.4404176e+03   1.7436743e+02
   1.2141221e+02   1.2851868e+03   9.9426528e+01
   2.7474530e+02   1.2582804e+03   3.7824262e+02
   3.4259872e+02   1.2046792e+03   3.5717703e+02
   1.9607955e+02   1.3173358e+03   2.2984643e+02
   1.0281386e+02   1.5620746e+03   1.6908485e+02
   3.1834201e+02   1.1723761e+03   2.5790044e+02
   2.4451396e+02   1.3040280e+03   3.9596742e+02
   1.8666714e+02   8.5309310e+02   1.6155208e+02
   3.5855377e+02   8.2480395e+02   6.8155611e+01
   1.3859212e+02   8.8714051e+02   1.4138022e+02
   8.5753898e+01   8.8516704e+02   2.8149979e+02
   9.2126521e+01   1.1078887e+03   2.0841251e+02
   4.0568508e+01   1.0154444e+03   1.5291086e+02
   2.6778296e+02   1.0248304e+03   1.0764007e+02
   2.3941819e+02   9.0870748e+02   2.0821083e+02
   7.7264828e+01   8.8966244e+02   2.2700034e+02
   3.6851956e+02   9.3878829e+02   1.7841591e+02
   3.5635425e+02   9.6901188e+02   2.9397974e+02
   1.3762624e+02   8.5742282e+02   3.5923306e+02
   2.3072731e+02   1.1123706e+03   1.0942707e+02
   1.1947805e+02   1.1088032e+03   2.7489309e+02
   1.8367691e+02   1.0030874e+03   2.7251924e+02
   2.0987721e+02   7.8589192e+02   3.2988310e+02
   2.7378489e+02   9.8245179e+02   3.6479015e+02
   3.5317903e+02   1.1177479e+03   1.5399995e+02
   1.8898703e+02   1.0446887e+03   1.8938676e+02
   1.2094059e+02   1.0951832e+03   2.0948632e+02
   7.4368630e+01   9.5091063e+02   3.3073594e+02
   2.7004310e+02   1.0812845e+03   1.3723161e+02
   2.1007110e+02   1.0743769e+03   2.5907555e+02
   1.3162571e+02   1.0289617e+03   6.7144598e+01
   9.0793686e+01   9.2853991e+02   7.7933948e+01
   1.7734990e+02   1.0593114e+03   3.0533630e+02
   3.0733004e+02   9.5547713e+02   1.5598964e+02
   1.0687497e+02   8.0267759e+02   6.0087168e+01
   3.5462077e+02   9.5474554e+02   3.4377162e+02
   1.8737660e+02   1.0283432e+03   1.3878586e+02
   3.1432483e+02   9.6193330e+02   2.2815775e+02
   6.8104724e+01   1.0553448e+03   1.8735905e+02
   1.7084177e+02   1.0728098e+03   2.6410296e+02
   4.3089503e+01   8.6293400e+02   8.3847304e+01
   2.6828804e+02   9.7300755e+02   1.1458313e+02
   3.5704248e+02   9.7570204e+02   1.8099768e+00
   1.5233351e+02   1.0899780e+03   1.3439314e+02
   7.4768112e+01   9.6197210e+02   2.8537839e+02
   2.6421128e+02   1.0989673e+03   6.4695647e+01
   2.7087715e+02   8.2021629e+02   3.3169037e+02
   3.6587795e+02   9.3563496e+02   4.3413364e+01
   7.1346678e+01   1.0689991e+03   1.9532132e+02
   1.6290329e+02   8.4752997e+02   2.8072398e+02
   1.9279259e+02   1.0740271e+03   6.9228422e+01
   1.9211020e+02   9.7225868e+02   1.8589290e+02
   3.3803114e+01   8.4499184e+02   2.0183276e+02
   2.5117818e+01   8.1567408e+02   2.0995658e+02
   2.0746383e+02   9.1624282e+02   3.9131938e+02
   3.4173084e+02   9.3301670e+02   2.1109548e+02
   1.8698402e+02   8.5478072e+02   2.8131641e+02
   2.5307395e+02   8.2052596e+02   1.5693995e+02
   3.5057926e+02   1.1271249e+03   1.4562107e+02
   6.8339624e+00   9.8774611e+02   3.5089897e+02
   2.0313081e+02   9.6052336e+02   1.6452491e+02
   2.3049205e+02   1.0427292e+03   7.9867749e+01
   3.4386641e+02   1.0658182e+03   1.4233237e+02
   2.9469428e+02   8.5492364e+02   3.4396319e+02
   4.5023979e+01   9.1267743e+02   2.3782272e+02
   6.0952460e+01   9.1594014e+02   2.6195659e+02
   8.5196507e+01   1.0209180e+03   9.1575950e+01
   1.8635648e+02   1.0743374e+03   2.2954298e+02
   2.1306448e+02   1.1449657e+03   2.0956754e+02
   3.6036120e+02   8.6078926e+02   7.2262591e+01
   4.6310683e+01   1.0636805e+03   1.9818596e+02
   3.3423581e+02   1.0992412e+03   1.4945199e+02
   2.1278039e+02   8.0273262e+02   1.6313180e+02
   1.1158344e+02   1.0965850e+03   3.5235620e+02
   1.3088476e+02   8.8818564e+02   3.2339018e+02
   2.5329434e+02   8.8058271e+02   3.3275676e+02
   3.2136685e+02   1.0385551e+03   1.1263225e+02
   1.2444371e+02   1.0128934e+03   1.1596145e+02
   1.2405674e+02   8.8724736e+02   9.1815412e+01
   1.7155212e+02   8.9919484e+02   2.9587210e+02
   3.2749128e+02   1.0489234e+03   1.9080089e+02
   2.8900794e+02   8.6478097e+02   3.3357845e+02
   2.1392476e+02   8.9214073e+02   3.9918409e+02
   2.5507208e+02   1.0917985e+03   2.0831317e+02
   4.5682164e+01   9.2583208e+02   3.4387517e+02
   2.0311359e+02   1.0769706e+03   1.7462810e+02
   3.7304815e+02   1.0092925e+03   1.2402169e+02
   9.5184741e+01   9.1066861e+02   1.2264384e+02
   2.5944056e+02   9.2804026e+02   2.4864756e+02
   2.7762696e+02   9.0589710e+02   1.2390638e+02
   6.7465102e+01   1.0766753e+03   1.0509853e+02
   1.9915944e+02   9.9948904e+02   2.8306205e+02
   2.4823056e+02   1.1542563e+03   1.1571531e+02
   8.6586109e+01   8.1157989e+02   2.2104378e+02
   3.2361645e+02   9.7395074e+02   2.3665816e+02
   2.6309756e+02   8.9120220e+02   2.0185842e+02
   2.0915703e+02   1.1372253e+03   1.5793010e+02
   1.0316467e+02   7.9399769e+02   1.6272243e+02
   2.4512507e+01   9.6789408e+02   3.1496460e+02
   2.4082169e+02   1.0425852e+03   2.6840465e+02
   2.0848192e+02   8.6534318e+02   2.5066601e+02
   2.6989182e+02   8.8361083e+02   1.6225900e+02
   2.6397279e+02   1.1514100e+03   3.2068102e+02
   2.7006361e+01   8.5648834e+02   4.6290225e-01
   4.9165458e+01   8.9517449e+02   1.7320333e+02
   1.0944453e+01   1.1134400e+03   2.3456246e+02
   1.2269477e+02   1.0938758e+03   1.9742307e+02
   3.1454976e+02   8.4624525e+02   2.6466374e+02
   9.9247094e+01   8.9008990e+02   1.8827678e+02
   2.2398882e+02   1.0694318e+03   2.3067856e+02
   2.1031914e+02   1.0544502e+03   3.1040942e+02
   2.6061608e+02   8.0483693e+02   1.2930270e+02
   2.4581533e+02   1.1512791e+03   2.6140730e+02
   1.2710295e+02   9.9406189e+02   1.4855165e+02
   1.4786935e+02   1.0965704e+03   2.4816914e+02
   3.4004385e+02   1.0132253e+03   7.0320005e+01
   1.3719865e+02   9.9583842e+02   1.2246972e+02
   1.4641947e+02   1.1368384e+03   1.3667750e+02
   3.3568973e+02   7.8581133e+02   1.3040198e+02
   8.1546129e+01   8.0193835e+02   1.5303572e+02
   3.8457864e+02   9.7218196e+02   4.8915584e+01
   2.5972093e+02   9.5151205e+02   2.5733981e+02
   2.0251152e+02   8.0658840e+02   6.0122938e+01
   1.7772965e+02   8.0767673e+02   1.7427936e+02
   2.1530454e+02   1.1295488e+03   1.8983061e+02
   3.1771782e+02   9.5963767e+02   5.8056348e+01
   2.0090747e+02   8.2307761e+02   1.3737823e+01
   5.4686392e+01   1.1102623e+03   2.6304450e+02
   2.2373046e+02   8.9673453e+02   2.8535759e+02
   8.6636898e+01   1.0057254e+03   2.1695294e+02
   1.9547049e+02   8.6832656e+02   7.1175423e+01
   1.8506030e+02   1.0396014e+03   2.9913578e+02
   8.3354563e+01   8.6566730e+02   1.8346606e+02
   2.0230497e+02   1.0964933e+03   1.5074496e+02
   2.8825176e+02   8.0895857e+02   2.7679300e+02
   3.7518207e+02   1.0239107e+03   1.9195028e+02
   2.4786365e+02   8.9040342e+02   3.5058820e+02
   3.6194046e+02   9.1343675e+02   1.1167723e+02
   3.2813675e+02   1.0933869e+03   9.5688592e+01
   2.7078542e+02   8.9222281e+02   3.5896819e+02
   2.1610617e+02   1.0748883e+03   9.8806725e+01
   2.4897787e+02   9.4432810e+02   2.9226929e+02
   1.9399652e+02   9.4298824e+02   1.1723429e+02
   1.0711092e+02   8.7678378e+02   1.2183476e+01
   1.5807224e+00   8.8900918e+02   1.2646944e+01
   3.0041847e+02   9.9975384e+02   2.2049006e+02
   2.6739506e+02   8.0424496e+02   3.1041758e+02
   2.8298566e+02   9.7343860e+02   2.5227250e+02
   2.3583327e+02   8.4163744e+02   1.7933390e+02
   3.1470826e+02   9.9426933e+02   9.1283709e+01
   8.4151894e+01   8.3580151e+02   1.7219541e+02
   2.8730318e+02   1.1523446e+03   1.0290661e+02
   1.2622136e+02   1.0218723e+03   3.1190453e+02
   7.7465387e+01   8.6984157e+02   2.2760549e+02
   9.6517554e+01   8.3382611e+02   3.7836938e+02
   9.3694874e+01   8.7679987e+02   8.6061954e+01
   2.4190072e+02   9.5797101e+02   3.2354193e+02
   1.6423911e+02   9.0509973e+02   1.1378466e+01
   3.9580178e+02   8.9182300e+02   3.2355621e+02
   3.1632756e+02   9.0308391e+02   9.4542429e+01
   3.3708790e+01   8.2033242e+02   2.2951087e+02
   1.7499932e+02   8.0754433e+02   1.5225073e+02
   1.0239484e+02   9.9538393e+02   1.1257562e+02
   3.3773643e+02   8.8458860e+02   8.3997826e+01
   9.2057791e+01   9.5100177e+02   3.0165199e+02
   2.5033099e+02   8.1514199e+02   4.3184911e+01
   1.6913053e+02   1.0515014e+03   2.4843258e+02
   1.5801177e+02   1.0045064e+03   1.3858161e+02
   6.9952540e+01   1.0003611e+03   1.4610095e+02
   1.3167323e+02   1.0189914e+03   5.5145195e+01
   2.5891967e+02   8.0199446e+02   2.4292525e+02
   3.9840089e+02   9.2799790e+02   4.5888834e+01
   5.0825886e+01   7.9480439e+02   2.6541195e+02
   1.1815307e+02   9.1758811e+02   2.6708344e+02
   3.9949248e+01   9.7077876e+02   2.4294951e+02
   2.5894196e+01   9.0704622e+02   3.9187117e+02
   1.0695956e+02   1.0048977e+03   6.6484766e+01
   3.4082445e+01   9.4619982e+02   5.8783859e+01
   3.1830551e+02   9.0096316e+02   1.1504506e+02
   2.7199241e+02   1.0713355e+03   2.9303222e+02
   8.8072112e+01   7.9399542e+02   3.1929665e+02
   3.9579960e+02   9.0098815e+02   3.6769931e+00
   1.7234897e+02   8.6637363e+02   9.5156609e+01
   2.8039459e+02   9.5715663e+02   3.0926711e+02
   1.2994987e+02   9.9610323e+02   3.4102623e+02
   3.2105873e+02   8.3707829e+02   1.7829740e+02
   9.7132249e-01   8.6669997e+02   3.0741615e+02
   1.8733420e+02   8.1049918e+02   2.4939815e+02
   2.8034006e+02   8.2881865e+02   1.0886841e+02
   1.7239660e+02   9.5539808e+02   3.0275770e+02
   1.6669272e+02   1.1315952e+03   7.5371449e+01
   3.6104178e+02   9.3810181e+02   1.8881760e+02
   6.6348178e+01   7.8685306e+02   4.4091603e+01
   2.9208549e+02   8.4421544e+02   2.5403575e+02
   3.5100891e+02   9.9069910e+02   1.0102295e+02
   3.3396039e+02   1.0732666e+03   1.9768401e+02
   2.3170411e+02   8.8828000e+02   9.3788000e+01
   2.5283337e+02   7.9286675e+02   2.4452756e+02
   1.0486639e+01   8.8001450e+02   2.4004649e+02
   2.5442782e+02   8.0288416e+02   1.3671427e+01
   5.2828151e+01   1.0486779e+03   2.3149241e+02
   1.9085166e+02   9.3927997e+02   3.5257807e+02
   6.6568755e+01   1.0002508e+03   1.0087979e+02
   5.7277453e+01   9.4572737e+02   2.3488189e+02
   2.8676386e+02   1.0600234e+03   6.9985954e+01
   2.1306184e+01   9.3622373e+02   2.9255474e+02
   2.1015690e+02   9.0123844e+02   2.3146868e+02
   7.3560503e+01   9.8319873e+02   1.1384037e+02
   6.0014972e+01   9.1426004e+02   3.1933756e+02
   1.9839709e+02   9.3857228e+02   9.1903992e+01
   9.7034753e+01   8.9915444e+02   1.6123938e+02
   1.0873538e+01   8.4311834e+02   3.2751189e+02
   6.0629290e+01   8.2723279e+02   3.5465436e+02
   1.1916061e+02   8.7944419e+02   1.9942541e+02
   6.3082120e+01   8.8070502e+02   1.4418191e+02
   1.5958056e+02   9.1878053e+02   2.4770091e+02
   5.8620086e+01   9.0950823e+02   3.6714519e+02
   3.6212947e+02   9.9009587e+02   1.4289202e+02
   1.0950423e+01   9.4987555e+02   2.5359841e+02
   3.3212111e+02   8.3054806e+02   3.9940911e+02
   2.4170874e+01   8.9490433e+02   1.0379424e+02
   2.3137186e+02   1.0144691e+03   2.6457128e+02
   3.0046075e+02   1.0091437e+03   1.7093481e+02
   3.0829571e+02   7.8689984e+02   3.3584262e+02
   1.8913478e+02   7.9353247e+02   2.6532298e+02
   3.2066364e+02   9.2079443e+02   4.7807125e+01
   1.5594186e+02   9.1393280e+02   2.5340885e+02
   7.2155530e+01   9.5154903e+02   1.2377447e+02
   2.2985390e+02   9.0185388e+02   3.3599517e+02
   3.0263269e+02   8.3905414e+02   9.8256109e+01
   1.9627027e+02   9.5860404e+02   1.7442573e+02
   2.5539329e+02   9.3930366e+02   1.0365704e+02
   3.3849091e+02   8.8574176e+02   3.6191955e+02
   3.7327839e+02   8.5614646e+02   1.0352738e+02
   2.9203884e+02   8.2567043e+02   1.2367156e+02
   1.9804063e+02   1.0522723e+03   8.8469816e+01
   1.9448042e+02   1.0402347e+03   6.8912503e+01
   1.6582894e+02   9.0834155e+02   5.3083874e+01
   2.3682030e+02   9.5641042e+02   2.7030430e+02
   1.2118524e+02   8.2292254e+02   7.6279243e+01
   1.1899089e+02   8.9025283e+02   1.4411988e+02
   3.2732654e+02   1.1525787e+03   2.4260509e+02
   1.7356475e+02   9.0866431e+02   2.2344683e+02
   1.5190437e+02   7.9269022e+02   1.1189948e+01
   1.5651743e+02   7.8905419e+02   9.4469522e+00
   1.9216914e+02   8.8274867e+02   1.5237024e+02
   1.1645429e+02   1.1260406e+03   3.3589916e+02
   1.6216923e+02   1.0951015e+03   5.3196680e+01
   7.0567885e+01   1.1497810e+03   3.2226323e+02
   2.0904463e+01   1.0943863e+03   1.0272647e+02
   2.6737756e+02   9.2027493e+02   2.5857136e+02
   5.6169778e+01   9.5266214e+02   1.5616631e+02
   1.5409341e+02   7.8699116e+02   1.4012231e+02
   2.1754398e+02   8.6863613e+02   1.5358726e+02
   3.2970504e+02   9.5048462e+02   3.8539613e+02
   1.1274186e+02   1.0045840e+03   2.4824575e+02
   1.3831956e+02   8.6745673e+02   9.3273408e+01
   3.4696445e+02   9.5318635e+02   4.7096557e+01
   9.5189129e+01   8.5269021e+02   3.6909347e+01
   2.5099744e+02   9.7205586e+02   2.2261944e+02
   2.7772330e+02   8.1240494e+02   2.3165548e+02
   3.7835230e+02   9.0559621e+02   3.0359713e+02
   2.7936877e+02   9.3771455e+02   3.9529471e+02
   2.4814721e+02   8.9210308e+02   1.6115030e+02
   2.3846032e+02   7.8533033e+02   3.3049352e+02
   1.7357237e+02   8.5198166e+02   2.7437820e+02
   2.3399313e+02   7.8499168e+02   1.7711130e+02
   2.5064611e+02   9.0768515e+02   2.8316887e+02
   3.3778029e+01   8.7502042e+02   7.3156023e+01
   1.4212898e+02   9.0153856e+02   3.7874263e+02
   1.2651085e+02   7.8410293e+02   3.5743427e+01
   4.7696857e+01   9.8537225e+02   2.6549778e+02
   3.2214225e+02   7.8871364e+02   2.4646899e+02
   6.5851051e+01   7.8929174e+02   2.3230312e+02
   9.5278950e+01   7.9679686e+02   5.4575441e+01
   2.6737825e+02   8.0629209e+02   3.5203979e+02
   1.0060055e+02   9.1200434e+02   2.6285721e+02
   6.3385212e+01   1.1334450e+03   2.1467740e+02
   2.7163826e+02   9.4385227e+02   3.9367479e+02
   2.0782843e+02   9.2011252e+02   8.4421615e+01
   1.4140525e+02   8.0757161e+02   3.8209407e+02
   1.8106069e+02   8.9259391e+02   1.1105234e+02
   8.8153323e+01   8.6053007e+02   5.7710877e+01
   1.2324856e+02   1.0464313e+03   2.8371676e+02
   1.3326390e+02   8.0025899e+02   9.8571291e+00
   1.6687235e+02   8.9595751e+02   3.0388914e+02
   3.4522093e+02   9.2148867e+02   2.7416873e+02
   2.8467798e+02   8.3659651e+02   2.3918444e+02
   2.7311284e+02   8.8954345e+02   3.9780391e+02
   2.9716813e+02   9.8533456e+02   1.4864686e+02
   3.9455741e+02   8.1393448e+02   2.0398597e+01
   2.9027242e+02   8.8557325e+02   8.5077151e+01
   2.1867649e+02   9.9896740e+02   2.6075963e+02
   1.9627125e+02   8.1152292e+02   2.3895681e+02
   1.7456999e+02   9.4694879e+02   3.2276794e+02
   2.4457126e+02   9.7163526e+02   3.1863145e+02
   2.4880492e+02   8.1993312e+02   2.2788025e+02
   2.1985856e+02   1.0161904e+03   2.0826455e+02
   3.0099344e+02   9.0663710e+02   1.1347153e+02
   1.9189281e+02   1.0719321e+03   2.0982956e+02
   1.0501860e+02   8.8215535e+02   2.1661476e+02
   2.2029681e+02   9.2787317e+02   9.8766513e+01
   2.3394500e+02   8.9333404e+02   1.4711593e+02
   2.7211759e+02   8.5072707e+02   9.8628155e+01
   3.5230518e+02   8.9839181e+02   1.5209313e+02
   2.3965307e+02   9.6058196e+02   1.8072297e+02
   3.4779480e+01   9.3644076e+02   2.0505689e+02
   1.7429598e+02   9.7261314e+02   8.7837183e+01
   7.0856062e+01   1.0259888e+03   1.9269996e+02
   3.3280707e+01   8.6660781e+02   2.8169457e+02
   1.1952995e+02   1.0598804e+03   2.7866697e+02
   2.0050885e+02   1.0617846e+03   1.4642752e+02
   2.9605681e+02   8.5045557e+02   9.9657262e+01
   2.0186618e+02   1.0549128e+03   7.0033558e+01
   2.1592453e+02   1.0900454e+03   1.8127833e+02
   3.4764230e+02   8.4830381e+02   7.4004850e+01
   8.8403862e+01   9.0326794e+02   2.8004018e+02
   1.8228337e+02   8.4086364e+02   2.2146202e+02
   1.4179446e+02   8.1476194e+02   1.8506202e+02
   3.5648077e+02   8.5577626e+02   1.3341807e+02
   2.6004329e+02   1.0588774e+03   1.5719664e+02
   7.7911242e+01   8.7515872e+02   1.5082760e+02
   1.2959525e+02   1.1028063e+03   1.0954766e+02
   2.1916103e+02   1.1335715e+03   5.5736392e+01
   1.0649366e+02   8.0506372e+02   2.0555690e+02
   1.5041315e+02   8.4049486e+02   1.7595070e+02
   1.0245749e+02   1.0525894e+03   9.9930285e+01
   2.2863762e+02   7.8133795e+02   1.0626851e+02
   9.7424364e+01   9.9483378e+02   7.7846150e+01
   2.9091153e+02   9.3828934e+02   1.4510588e+02
   2.7016705e+02   8.5733071e+02   7.0951467e+01
   1.0971792e+02   7.9907727e+02   2.7865665e+02
   2.0901923e+02   1.1429917e+03   2.8940794e+02
   2.3375479e+02   1.0392434e+03   5.3079763e+01
   9.7348991e+01   8.5794169e+02   1.9263000e+02
   2.5515008e+02   1.1009400e+03   2.4704095e+02
   9.2412596e+01   8.4514100e+02   8.4766229e+01
   3.5354809e+02   8.1323240e+02   6.7603511e+01
   1.5832978e+02   9.1728662e+02   3.8260362e+02
   1.2198720e+02   9.5135846e+02   3.5403272e+02
   2.2183004e+02   8.1914755e+02   2.2246887e+02
   3.7461956e+02   9.1715837e+02   3.4187331e+02
   3.9668382e+02   8.4562914e+02   2.6150680e+02
   2.4308897e+02   9.4203112e+02   1.2500060e+02
   3.0075940e+02   1.1270095e+03   1.4570047e+02
   1.0135101e+02   1.0980437e+03   2.1725820e+02
   3.9637592e+02   1.0761135e+03   7.1507355e+01
   1.7675513e+02   9.8564879e+02   1.5081705e+02
   1.3645518e+02   1.0268763e+03   2.0065777e+02
   1.0993890e+02   9.9281174e+02   3.3283639e+02
   1.7584446e+02   1.0595945e+03   1.4740143e+02
   2.6006357e+02   9.7482782e+02   6.3688537e+01
   2.3348323e+02   7.9562457e+02   2.0356977e+02
   2.5689339e+02   1.0959164e+03   9.2159914e+01
   1.0753783e+02   9.8325222e+02   1.4358533e+02
   7.7276100e+01   9.0951500e+02   2.7323030e+02
   1.4888410e+02   7.9235846e+02   1.6127838e+02
   1.3048822e+02   7.8081658e+02   1.5637041e+02
   2.6563620e+02   7.9939699e+02   2.9149827e+02
   3.0902316e+02   1.0022660e+03   1.8501965e+02
   3.1624895e+02   9.1587549e+02   2.4248147e+02
   1.5551478e+02   1.0124294e+03   1.8029000e+02
   3.8932988e+02   7.9337620e+02   1.1461992e+02
   5.8814755e+01   9.7507933e+02   7.1831970e+01
   2.7126656e+02   8.2775413e+02   2.0926963e+02
   1.5027507e+02   7.8700992e+02   1.4851404e+02
   1.9746163e+02   1.1419016e+03   1.8490591e+02
   4.8941469e+00   1.0367198e+03   2.1489150e+02
   2.6633478e+02   1.0191260e+03   1.3394170e+02
   1.2596740e+02   7.9205515e+02   3.0888366e+02
   1.7387206e+02   8.5777313e+02   2.1608184e+02
   1.1303360e+02   1.0139598e+03   1.5393731e+02
   1.1925104e+02   1.0176595e+03   2.1266231e+02
   1.1599527e+02   8.0527157e+02   2.2756884e+02
   2.4422171e+02   9.1245911e+02   1.2124625e+02
   1.0083165e+02   1.0446278e+03   9.8765369e+01
   3.0796311e+02   8.7400455e+02   2.0926753e+01
   1.6821947e+02   8.4153187e+02   8.1891369e+01
   1.3192968e+02   8.2642862e+02   2.4755258e+02
   2.2267621e+02   1.0708577e+03   6.1253237e+01
   3.3744819e+02   1.0408668e+03   1.8280156e+01
   1.2378638e+02   8.5550225e+02   2.3960967e+02
   3.9002611e+02   9.4189191e+02   3.3273776e+02
   2.6703680e+02   1.0823142e+03   2.9886972e+02
   1.5671052e+02   1.1544720e+03   5.7481839e+01
   8.1786029e+01   8.3285304e+02   1.3392721e+02
   1.6322428e+02   1.0391780e+03   7.4174455e+01
   2.1368187e+02   8.3617716e+02   1.5692206e+02
   2.2557118e+01   1.1237957e+03   4.9912284e+01
   2.9156829e+02   9.6273188e+02   2.1433675e+02
   2.9515578e+01   1.0422317e+03   2.7614727e+00
   3.6236751e+02   8.5977605e+02   1.3768269e+02
   2.9492316e+02   9.8797733e+02   2.5945296e+02
   1.7647589e+02   1.1424216e+03   2.9141349e+02
   1.0843508e+02   9.6000958e+02   1.1318319e+02
   2.6123418e+02   1.0491517e+03   2.0087755e+02
   1.0821963e+02   9.9165754e+02   2.3073711e+02
   2.5194364e+02   7.8977890e+02   2.2736723e+02
   1.6794395e+02   9.3175138e+02   1.7970935e+02
   3.1262676e+02   1.1245592e+03   2.2985829e+02
   1.4599218e+02   1.0910369e+03   3.7719462e+02
   1.4025601e+02   9.0631792e+02   2.4798205e+01
   2.0035676e+02   8.5102406e+02   2.7200069e+02
   2.8154675e+02   8.3666199e+02   1.4515515e+02
   3.3830822e+02   7.9363467e+02   9.7576742e+01
   1.1981292e+01   1.0639220e+03   1.7328354e+02
   1.4833520e+02   1.0666565e+03   1.3357963e+02
   1.5313346e+02   1.0935423e+03   1.3405149e+02
   2.4419244e+01   9.4495911e+02   2.0875132e+02
   2.8273895e+02   1.0142776e+03   2.9693052e+02
   5.0885318e+01   8.7362530e+02   1.8809284e+02
   2.8112536e+02   8.2267317e+02   2.1370766e+01
   2.7115082e+02   1.0858150e+03   3.9613552e+02
   7.4851974e-01   1.1291597e+03   8.5105994e+01
   7.2463919e+01   8.1768807e+02   2.6623912e+02
   3.4599395e+02   8.7101730e+02   3.2426249e+02
   2.6590873e+01   1.0238109e+03   9.7835251e+01
   3.4337654e+02   8.7955550e+02   1.9551210e+02
   2.7114606e+02   8.5630859e+02   1.5178533e+02
   3.7796755e+02   9.9200152e+02   3.1898546e+02
   3.5166035e+02   8.9938099e+02   2.0022533e+02
   8.3181782e+01   8.0897124e+02   2.4498995e+02
   1.7404190e+02   1.0659222e+03   1.5519481e+02
   2.0615761e+02   8.1862107e+02   1.6805187e+02
   3.8482822e+02   1.1398603e+03   2.5503903e+02
   2.8953735e+02   9.4782766e+02   9.8227301e+01
   1.7578532e+02   1.1490708e+03   1.2767799e+02
   8.1725766e+01   1.0550137e+03   2.4715265e+02
   9.2886508e+01   1.1582712e+03   2.1374304e+02
   1.4232224e+02   9.6395180e+02   1.5089780e+02
   3.7955405e+02   1.0725559e+03   4.5096868e+01
   1.3217874e+02   9.0949446e+02   1.8780144e+02
   2.9198712e+02   1.0722452e+03   1.1434271e+02
   2.3499054e+02   7.9979587e+02   1.7412011e+02
   3.7798368e+02   7.8428061e+02   1.8846453e+02
   2.4870333e+02   1.0365026e+03   1.2661297e+02
   2.2221573e+02   9.4332881e+02   3.0316000e+02
   1.3880329e+02   1.0278575e+03   1.6049282e+02
   2.3922558e+02   8.5848105e+02   1.9223732e+02
   2.2982199e+02   9.5238141e+02   2.6840661e+02
   7.1914385e+01   9.3102045e+02   2.9062733e+02
   2.8631292e+02   8.1914785e+02   2.3422607e+02
   1.3235052e+02   1.1386233e+03   1.5952055e+02
   3.3686550e+02   1.1201323e+03   1.8079414e+02
   1.2750830e+02   1.0453021e+03   3.1499500e+02
   2.3266539e+02   8.7158683e+02   8.8660856e+01
   2.3605105e+02   1.1067375e+03   2.2976524e+02
   6.6526113e+01   7.9965946e+02   1.3076167e+02
   2.6369081e+02   9.3625041e+02   6.7990432e+01
   2.5965837e+02   1.0041349e+03   1.2489735e+02
   1.2499370e+02   1.1461240e+03   1.6418692e+02
   3.8483329e+02   7.9310071e+02   1.1224791e+02
   3.7491598e+02   8.2091635e+02   9.8077859e+00
   3.0827737e+02   8.0415556e+02   2.1362009e+02
   3.4463578e+02   8.4389054e+02   2.1243983e+02
   1.6939652e+02   9.1825489e+02   3.4792233e+01
   3.1727810e+01   1.0840829e+03   2.0111217e+02
   3.4958109e+02   8.8101166e+02   2.6253362e+02
   1.3074626e+02   1.0825705e+03   1.0326509e+02
   2.5490825e+02   8.4633699e+02   9.6389781e+01
   3.2229766e+02   9.3872657e+02   2.6956224e+02
   1.9422784e+02   9.2393815e+02   1.7865301e+02
   3.0282196e+02   9.0423843e+02   3.1800539e+02
   8.4094181e+01   8.4531616e+02   9.3174559e+01
   1.0990871e+02   8.0263880e+02   9.7169545e+00
   2.0328045e+02   1.0788343e+03   1.2132873e+02
   3.1449526e+02   9.1893971e+02   2.9512648e+02
   2.1890210e+02   9.0341257e+02   1.2798541e+02
   2.5273964e+02   9.2831967e+02   3.0045943e+02
   7.4235295e+01   7.8047943e+02   2.7539166e+02
   2.5976429e+02   9.1458232e+02   2.9188826e+02
   3.7403037e+02   9.0103284e+02   1.7761039e+02
   4.0875112e+00   7.8249462e+02   1.0497393e+02
   1.1852611e+02   9.4418427e+02   5.3920834e+01
   2.9159422e+02   9.5679144e+02   5.9538350e+01
   3.7135101e+02   8.6104996e+02   1.4150452e+02
   2.4228862e+02   7.8614229e+02   2.8522188e+02
   1.8881230e+02   1.1243458e+03   1.0350169e+00
   1.1847192e+02   1.1514612e+03   1.5514162e+02
   4.0191726e+01   7.9302144e+02   8.9639772e+01
   2.4121441e+02   1.0488339e+03   2.9978048e+02
   3.0389988e+02   1.0253732e+03   1.3310194e+02
   2.2568177e+02   1.0656221e+03   9.8806445e+01
   7.6928511e+01   1.1046806e+03   3.5099256e+02
   3.7179609e+02   1.0692032e+03   2.1170211e+02
   1.7615329e+02   8.1969092e+02   2.7913887e+02
   1.5041936e+02   9.0518979e+02   2.6869692e+02
   1.0964889e+02   8.1818306e+02   1.6178196e+02
   3.4884735e+02   1.0626426e+03   2.3283807e+02
   1.0921444e+02   9.0410848e+02   1.4658691e+02
   3.0803391e+02   7.8008555e+02   2.8343419e+02
   3.0191619e+02   1.0711552e+03   1.8098029e+02
   3.3114567e+02   1.0374784e+03   2.1090264e+02
   2.2573415e+02   1.0480992e+03   3.9007793e+01
   2.0100127e+02   7.9492903e+02   3.1930965e+02
   3.8183015e+02   1.1290098e+03   3.1245803e+01
   2.0690325e+02   9.8427894e+02   1.7041564e+02
   4.0863806e+01   1.0905528e+03   2.5018873e+01
   1.5971354e+02   1.0645535e+03   1.0138982e+02
   3.4080411e+02   1.1115218e+03   4.3324951e+01
   9.9317603e+01   8.5493997e+02   1.6038144e+02
   2.9512323e+02   1.1205832e+03   1.8182784e+02
   3.2231450e+01   8.1777469e+02   2.1210878e+02
   1.1734009e+02   8.3216855e+02   5.1619304e+01
   1.5555855e+02   1.0208029e+03   1.7230979e+02
   3.2487033e+01   7.9527182e+02   1.3466178e+02
   7.3890279e+01   7.8295049e+02   1.3876914e+01
   2.2007820e+02   1.0449510e+03   2.1146962e+02
   1.1844223e+02   1.0973719e+03   1.1821138e+02
   6.5369162e+01   7.9657431e+02   2.7801076e+02
   2.3443455e+02   8.7897660e+02   2.1490290e+02
   3.6962369e+02   9.5077442e+02   9.0072180e+01
   3.1503420e+02   8.6220824e+02   1.8544274e+02
   2.9918121e+02   1.0079314e+03   9.7245385e+01
   2.0745667e+02   6.7874565e+02   3.6384678e+02
   2.0856356e+02   6.9638039e+02   9.4126350e+00
   1.6480549e+02   6.1025072e+02   1.6986524e+02
   2.7678447e+02   7.1744389e+02   2.5850882e+02
   2.0158019e+02   7.5102456e+02   1.2197639e+02
   1.8850203e+02   7.1329257e+02   3.1406324e+02
   2.1899803e+02   5.5104896e+02   3.1985773e+02
   3.8242193e+01   6.5659493e+02   3.8405819e+02
   2.2177808e+02   6.4584136e+02   4.6574585e+01
   3.3303315e+02   6.0070448e+02   3.0258761e+02
   3.0131742e+02   6.3844340e+02   1.8895885e+02
   2.2061734e+02   7.3061333e+02   3.0185531e+02
   1.2867553e+02   6.7024093e+02   9.1872195e+01
   1.7787827e+02   6.6530632e+02   4.3360380e+01
   1.5584766e+02   7.4287460e+02   2.3600191e+02
   1.7093236e+02   7.7935073e+02   1.7192557e+02
   1.1279447e+02   6.7463836e+02   3.9498723e+02
   1.8523209e+02   6.3885553e+02   3.3353945e+02
   2.1943177e+02   7.7090571e+02   2.6701848e+02
   3.5827793e+02   5.6352560e+02   4.5917259e+01
   1.3317062e+02   6.4808514e+02   5.0407701e+01
   1.9575449e+02   5.5479149e+02   2.2277649e+02
   2.2538690e+02   7.6669232e+02   2.2160161e+02
   2.7781731e+02   5.7901346e+02   3.6181548e+02
   2.8235451e+02   6.5645557e+02   3.1134226e+02
   3.9532949e+02   5.4558461e+02   3.4902411e+02
   3.4436924e+02   5.5217287e+02   1.0809033e+02
   3.2361383e+02   6.7193718e+02   3.4701617e+02
   1.7273993e+02   7.6433571e+02   3.3484557e+02
   3.0891165e+02   7.6818420e+02   2.8215124e+02
   2.6011295e+02   5.6097385e+02   2.5022642e+02
   2.1142533e+02   6.0008814e+02   2.8431224e+02
   1.8089110e+02   7.2995781e+02   3.4471357e+02
   1.4044662e+02   6.6076350e+02   1.6152245e+02
   3.8835151e+02   7.3859861e+02   1.4755924e+02
   2.9432702e+01   6.3534708e+02   3.5352268e+02
   3.3782322e+02   7.0816331e+02   3.9496545e+02
   3.5849529e+01   5.8435025e+02   2.3196883e+02
   1.6063920e+02   7.4826385e+02   1.0329606e+02
   1.3395502e+01   7.6603186e+02   1.6137424e+02
   3.4983958e+02   7.3167613e+02   1.5408428e+02
   4.7502775e+00   7.3835803e+02   1.0439978e+02
   6.5415623e+01   7.5785532e+02   1.8016946e+02
   2.2992756e+02   7.7798742e+02   1.8431448e+02
   3.6237882e+02   6.5835046e+02   3.5488486e+02
   1.7887446e+02   5.9956055e+02   2.2152668e+02
   3.4436179e+02   7.7348927e+02   2.1341811e+02
   7.3093892e+01   7.6768757e+02   2.5420699e+02
   1.7763359e+02   6.8694897e+02   3.5427018e+02
   3.2156282e+02   6.5601505e+02   3.0067350e+02
   2.0152825e+02   6.6575460e+02   2.3727810e+02
   3.0029791e+02   7.6935364e+02   1.5461447e+01
   1.8453959e+02   6.4992063e+02   3.3702864e+02
   1.6125068e+02   6.8370721e+02   1.3652490e+02
   1.9106344e+02   6.9530243e+02   2.4331377e+02
   1.9507740e+02   6.2591354e+02   1.4811876e+02
   1.7227489e+02   5.6940694e+02   3.5653546e+01
   3.0439256e+02   5.8583487e+02   6.0069323e+01
   1.0327824e+02   6.2436063e+02   1.2398529e+02
   3.2030696e+02   6.3118498e+02   2.8971500e+02
   2.2946846e+02   6.9665835e+02   1.6329418e+02
   2.0591596e+02   6.0475104e+02   5.9613212e+01
   2.0851152e+02   6.2797501e+02   1.6777469e+02
   1.8132560e+02   6.2427409e+02   1.1144935e+02
   1.3955735e+02   6.0891286e+02   3.3802781e+02
   1.6193985e+02   6.8485696e+02   3.5717740e+02
   2.7917702e+02   6.3971218e+02   1.2191124e+01
   9.5057229e+01   6.1499459e+02   3.1693547e+01
   2.9931842e+01   5.6309768e+02   2.3517327e+02
   2.0396038e+02   6.7644005e+02   4.6900319e+01
   2.7738843e+02   7.6435593e+02   2.8897525e+02
   3.7965554e+02   6.7464208e+02   7.4353299e+01
   3.7058398e+02   7.6456793e+02   1.6469218e+02
   1.7475329e+02   7.4048113e+02   1.6909458e+02
   1.6953789e+02   6.0990408e+02   2.8931107e+02
   4.6404090e+01   7.4155456e+02   2.3200214e+02
   2.9135537e+02   7.7052992e+02   2.6104212e+02
   2.3343141e+02   7.6827945e+02   3.2739278e+01
   1.5533201e+02   7.3287864e+02   7.7022423e+01
   2.5255343e+02   7.1529190e+02   2.7183509e+02
   7.1792289e+01   7.3530941e+02   3.9759175e+02
   2.8233833e+02   6.8115345e+02   9.2632380e+01
   1.2274726e+02   5.9707529e+02   7.8873443e+01
   2.8730099e+02   6.7988396e+02   2.0843180e+02
   1.8756456e+02   6.9449754e+02   3.1480919e+01
   3.1459100e+02   6.5332958e+02   2.9070578e+02
   2.3828578e+02   6.2639715e+02   2.9882365e+02
   1.3070306e+02   6.7465814e+02   3.4540356e+02
   2.8706870e+02   6.5244713e+02   1.6444807e+02
   3.1845043e+02   6.6018040e+02   1.2168446e+02
   9.3904178e+01   5.7708848e+02   7.2017986e+00
   1.7238659e+02   6.6958682e+02   1.0144704e+02
   2.0114907e+02   6.9167853e+02   8.7731160e+01
   3.6902199e+01   5.9345615e+02   3.1523440e+02
   3.6330422e+02   5.6689815e+02   5.4422306e+00
   9.6779885e+01   7.2928468e+02   2.4379333e+02
   1.8909889e+02   5.8884785e+02   3.1041684e+02
   3.1315003e+01   7.0885508e+02   3.1224655e+02
   1.2143862e+02   5.7157341e+02   1.4088792e+02
   5.8545460e+01   6.5901423e+02   9.7522921e+01
   3.3919569e+02   6.4664130e+02   1.8570189e+02
   4.5124305e+01   6.9726437e+02   1.0502416e+02
   3.7091795e+01   7.3327267e+02   2.8671775e+02
   3.0942032e+01   7.7791588e+02   3.9167353e+02
   6.3369423e+01   5.5023679e+02   2.0727315e+02
   2.6185715e+02   5.7053341e+02   2.3090213e+02
   3.9491614e+02   5.9350582e+02   1.3194688e+02
   2.9692589e+02   7.6387884e+02   4.1761270e+01
   1.9507770e+02   7.1628371e+02   2.8499146e+02
   2.6789783e+02   7.7349220e+02   3.2046236e+02
   3.6884489e+02   5.7050986e+02   2.4063677e+02
   1.7530140e+02   6.5616893e+02   2.0436693e+02
   1.1287804e+02   7.1830820e+02   3.6822569e+02
   2.7435921e+02   5.7652554e+02   8.4979564e+01
   1.6804636e+02   6.5055597e+02   1.0989177e+01
   2.9193232e+02   7.1830868e+02   1.3597859e+02
   5.0283015e+01   6.2878120e+02   1.4569713e+02
   4.6707905e+01   6.8966525e+02   1.2218699e+02
   1.4570899e+02   5.5210781e+02   8.8191996e+01
   2.5502826e+02   7.7250395e+02   1.0678446e+02
   1.0177093e+02   7.1296048e+02   6.4155881e+01
   2.8608212e+02   7.3864457e+02   9.8825342e+01
   2.3727065e+01   6.3743024e+02   1.2575979e+01
   2.2506219e+02   6.0806521e+02   3.1008991e+02
   1.8303605e+02   6.0571749e+02   3.0526109e+02
   2.0307255e+02   7.5981772e+02   1.6566027e+02
   2.8077978e+02   7.3119545e+02   9.9007002e+01
   1.3300386e+02   6.1772955e+02   2.4500970e+01
   7.8625793e+01   5.7222743e+02   1.1568376e+02
   1.4724518e+02   7.2164451e+02   9.6387355e+01
   1.7467729e+02   7.3437666e+02   3.3872083e+01
   5.9272181e+01   7.0390619e+02   1.7200620e+02
   1.6743151e+02   5.6563165e+02   2.4676340e+02
   3.3668581e+02   7.4690472e+02   9.3173884e+01
   2.1851711e+02   6.1515984e+02   1.5567620e+02
   3.1136929e+02   5.5664867e+02   2.5004125e+02
   6.4172662e+01   7.7057099e+02   5.2480445e+01
   3.1798726e+02   7.4916118e+02   2.4366731e+02
   9.0032611e+01   6.6636592e+02   9.5551737e+01
   2.7544622e+02   5.4705862e+02   3.9475080e+02
   2.0841700e+02   5.7195305e+02   2.5884340e+02
   2.1368805e+02   6.5762365e+02   3.3414738e+02
   1.8012245e+02   5.7526308e+02   1.1054402e+02
   1.0677182e+02   7.4066375e+02   8.1930233e+01
   7.7972252e+01   6.8140516e+02   3.7715007e+01
   1.7138464e+02   6.4872941e+02   1.3530872e+02
   2.0446105e+02   6.4269582e+02   1.4814448e+02
   1.3387239e+02   5.7108889e+02   1.5140058e+02
   6.9496030e+00   7.2807731e+02   2.8921388e+01
   4.9532418e+01   7.7913967e+02   1.4161679e+01
   1.5090490e+02   7.7070767e+02   2.1127275e+02
   7.7083832e+01   5.7443655e+02   1.9231292e+02
   1.9132343e+02   6.8221267e+02   2.8012224e+02
   3.4399417e+02   7.0161049e+02   3.0713342e+02
   2.7763100e+02   7.1488652e+02   1.7216911e+02
   8.5847170e+00   7.2502273e+02   3.2162946e+02
   1.5078972e+02   6.4455081e+02   4.3732017e+01
   2.0489641e+02   6.9190024e+02   1.8009953e+02
   3.1117289e+02   6.2547600e+02   1.6992222e+02
   3.4386608e+02   7.7319149e+02   1.1712734e+01
   2.3558817e+02   7.5649233e+02   9.2711431e+01
   3.9969109e+01   5.4067302e+02   1.2595189e+02
   2.3933178e+02   5.6223892e+02   1.0496662e+02
   2.7571266e+01   7.5778713e+02   2.8538090e+02
   1.2117450e+01   5.5641337e+02   2.5391114e+02
   9.9309829e+01   6.9946551e+02   6.6625959e+00
   3.8863715e+02   6.6308210e+02   2.7743464e+02
   3.7227062e+02   7.4078895e+02   1.4748555e+02
   2.3385098e+02   6.5767199e+02   2.1354479e+02
   3.0287500e+02   6.3279080e+02   9.3490441e+01
   9.2336902e+01   6.4043915e+02   1.5033796e+02
   1.3533322e+02   6.3708731e+02   1.6424357e+00
   1.0923167e+02   7.7465038e+02   6.4893813e+01
   1.1067888e+02   6.8901693e+02   1.0453071e+02
   1.2287441e+02   7.6206042e+02   3.8660309e+02
   1.5983525e+02   6.6809624e+02   2.9523685e+02
   5.5314508e+01   6.5347030e+02   6.7865730e+00
   1.2340917e+02   7.6313018e+02   2.9175517e+02
   5.7996394e+00   6.2634998e+02   2.6255708e+01
   3.0945545e+02   7.1915896e+02   1.6161022e+02
   1.3590060e+02   5.9636784e+02   1.6486622e+02
   9.6562616e+01   6.1641887e+02   2.4642075e+02
   1.4937049e+02   6.9894136e+02   1.3509834e+02
   3.0943011e+02   5.6653573e+02   1.8479352e+02
   1.5827566e+02   6.8093945e+02   3.0202812e+02
   3.3852769e+02   6.2511321e+02   4.7177936e+01
   1.9623317e+02   5.4649191e+02   3.4133576e+02
   2.9340821e+02   6.3634624e+02   3.3903101e+02
   4.6597073e+01   7.5143540e+02   2.3094770e+02
   3.9043556e+02   6.8885184e+02   1.2411963e+02
   3.4406851e+02   5.4440861e+02   2.5516966e+02
   3.5647754e+02   7.3462863e+02   2.8962159e+02
   2.7617064e+02   6.2726512e+02   2.4852055e+02
   2.3154523e+02   6.1971910e+02   2.6956065e+02
   2.3682349e+02   6.1811154e+02   1.7431923e+02
   2.3606388e+02   7.1364471e+02   1.7839885e+01
   3.9097364e+02   7.7543489e+02   2.2706499e+02
   3.3438844e+02   5.9169215e+02   1.3805596e+02
   3.4955775e+02   7.7857791e+02   1.7946833e+02
   2.9637374e+02   5.7550311e+02   2.7902680e+02
   1.8483556e+02   7.7306014e+02   1.5231979e+02
   3.6209202e+02   6.1787644e+02   1.1842275e+02
   1.0426777e+02   7.6193809e+02   2.9715395e+02
   6.6572312e+00   5.7698054e+02   2.8092335e+02
   2.3856719e+02   5.5067193e+02   2.7185179e+02
   2.6482207e+02   6.8669362e+02   1.7115367e+02
   3.0233257e+02   7.1818472e+02   1.2507852e+02
   3.0209597e+00   6.5255234e+02   2.2022799e+02
   2.3593989e+02   5.5669895e+02   5.6926189e+01
   1.6699150e+02   7.0726069e+02   1.9061048e+02
   2.7964407e+02   7.3737995e+02   9.4005016e+01
   2.9766853e+02   6.6665117e+02   2.5416934e+02
   8.9807739e+01   6.6135131e+02   3.5418099e+02
   1.8404307e+02   6.8909758e+02   2.0778578e+02
   1.1105942e+02   7.2762690e+02   7.9555068e+01
   2.7791809e+02   6.4117791e+02   2.3584216e+02
   4.2317996e+00   5.9828113e+02   3.9895863e+02
   3.5794875e+02   5.7383967e+02   2.8044467e+02
   3.4648173e+02   6.6709091e+02   1.9670495e+02
   9.9978720e+01   7.7683517e+02   1.1868505e+01
   3.7850462e+02   6.6964064e+02   2.1455170e+02
   3.6407570e+02   6.1146488e+02   1.9164765e+02
   1.7637983e+02   5.4150824e+02   9.0796030e+01
   1.6704773e+02   6.9529632e+02   2.0799563e+02
   1.7999002e+02   7.4013361e+02   2.7856388e+01
   3.0306116e+02   5.8223701e+02   2.2550190e+02
   1.7820430e+02   6.3106945e+02   2.2953334e+02
   2.7315715e+02   7.1406470e+02   1.3995612e+02
   1.9621305e+02   5.9594170e+02   1.8989282e+02
   1.3719374e+02   5.7491357e+02   1.8482716e+02
   1.0690976e+02   5.7138188e+02   5.3108207e+01
   2.2472495e+01   5.8953681e+02   2.5136040e+02
   2.1683838e+00   7.1340183e+02   1.6026827e+02
   2.6538637e+02   6.5080100e+02   2.6652662e+02
   1.4767716e+02   6.2937087e+02   1.7571709e+02
   1.0505797e+02   7.2745617e+02   3.2643751e+01
   1.5043140e+02   7.0146382e+02   2.8963026e+02
   2.0480051e+02   7.5750408e+02   3.3602024e+02
   1.5536687e+02   6.6305430e+02   2.9329676e+02
   2.3681297e+02   7.7063568e+02   6.3649388e+01
   4.6348339e+01   6.7711031e+02   3.2488664e+02
   2.8224342e+02   6.0577397e+02   1.3856904e+02
   1.3930515e+02   7.2663167e+02   2.8781908e+02
   1.3086763e+02   5.4367305e+02   1.7530125e+02
   3.9107468e+02   7.6408966e+02   2.3468163e+02
   1.1103699e+02   6.1088723e+02   2.9473690e+02
   3.9549161e+02   6.6763713e+02   2.5776727e+02
   3.2258599e+01   6.8482652e+02   3.4589441e+02
   2.0500977e+02   6.6465173e+02   2.8877963e+02
   3.4515615e+02   7.0213132e+02   3.7520711e+01
   1.5494184e+02   7.4080177e+02   3.5876546e+02
   1.7701613e+02   6.2904220e+02   1.6704958e+02
   1.3819957e+02   6.0433463e+02   3.8370920e+02
   2.1208884e+02   6.1263993e+02   1.9284900e+01
   3.8109531e+02   7.1531106e+02   2.7042599e+02
   1.4607580e+02   6.8524171e+02   3.4084151e+02
   1.1143682e+02   6.9477848e+02   1.0518479e+02
   1.6344635e+02   7.6759367e+02   3.0341761e+02
   2.9881172e+02   6.2353333e+02   7.6657401e+01
   1.3017643e+02   7.3522044e+02   2.1755331e+02
   2.4693610e+02   6.1405021e+02   1.7283550e+02
   2.4298234e+02   7.2080051e+02   2.6448871e+02
   3.9601346e+02   7.5803676e+02   2.7040055e+02
   2.4910096e+02   7.3208429e+02   2.9926426e+02
   3.1509136e+02   7.0622875e+02   1.4844082e+02
   2.5049935e+02   6.9823600e+02   2.3873661e+02
   9.1799687e+01   7.2266319e+02   1.5862413e+02
   2.4337586e+02   7.2440845e+02   9.3701872e+01
   1.0363932e+02   6.8955466e+02   1.3856563e+02
   1.0827376e+02   5.9261091e+02   1.9298907e+02
   2.5130245e+01   6.4639577e+02   4.8481863e+01
   2.5429706e+02   7.3954855e+02   2.1506556e+02
   1.6903282e+02   7.6402234e+02   2.3579610e+02
   1.3056535e+02   5.5383359e+02   3.8249858e+02
   2.4114815e+02   7.3989088e+02   2.7649419e+02
   2.0844877e+02   7.7873362e+02   1.1787758e+02
   2.2473507e+02   7.4940264e+02   1.4889179e+02
   3.9775833e+02   7.3536843e+02   2.8189600e+02
   9.1531573e+01   5.7279354e+02   3.2209966e+02
   1.6656419e+02   7.3112390e+02   2.9524171e+02
   1.2427822e+02   5.4884119e+02   3.9596404e+02
   1.6021203e+02   5.4719556e+02   1.3306025e+02
   1.9108340e+02   7.6565547e+02   3.2598653e+02
   1.8374757e+02   6.2006903e+02   1.0230120e+02
   1.2623607e+01   7.1365438e+02   2.7867819e+02
   1.1598679e+02   6.4876015e+02   1.3670178e+02
   3.3504720e+02   7.6944887e+02   7.9681430e+01
   8.8575487e+01   7.1190602e+02   1.9298653e+02
   2.7900047e+02   6.7149270e+02   2.6384270e+02
   3.8555871e+02   7.6995618e+02   3.8409917e+01
   3.0959922e+02   6.0255080e+02   2.8144455e+02
   4.0813917e+01   6.8916316e+02   1.7434260e+02
   2.2330011e+02   6.5946396e+02   3.3308750e+02
   1.7805496e+02   7.1181213e+02   3.5304752e+02
   3.4765587e+02   7.1920647e+02   3.4141682e+02
   1.9989722e+02   7.6956460e+02   4.0085703e+01
   3.5251267e+02   7.0534314e+02   4.2679615e+01
   1.5969767e+02   7.7828002e+02   1.3632255e+02
   3.6988395e+02   7.4327513e+02   2.8622016e+02
   1.1539897e+02   7.6020484e+02   3.8880039e+02
   2.7209993e+02   6.9939297e+02   4.3352869e+01
   1.2376854e+02   5.8284183e+02   9.4975906e+01
   3.1523119e+02   7.7772560e+02   2.9636853e+02
   8.6641570e+01   7.3090409e+02   6.6555122e+01
   8.5700880e+01   5.8498864e+02   3.7071561e+02
   3.7773026e+02   5.8333422e+02   2.3280508e+02
   2.2731065e+02   6.8122828e+02   3.8496559e+01
   2.8240695e+02   6.7007786e+02   1.8869937e+02
   4.0639947e+01   6.3333296e+02   2.5525688e+02
   1.8029339e+02   5.5483372e+02   2.1915674e+02
   2.3193601e+02   7.3025645e+02   1.5684316e+02
   1.7920419e+02   6.7435518e+02   2.7861034e+02
   3.2397665e+02   7.6381284e+02   2.9154140e+02
   8.8026076e+00   7.4418738e+02   1.6076139e+02
   2.9118002e+02   6.6207164e+02   2.5971598e+02
   4.4083483e+01   7.5640673e+02   3.9376066e+02
   2.4200543e+02   6.9723315e+02   3.3416965e+02
   1.5261256e+02   7.3068637e+02   2.5337083e+02
   8.2037491e+01   7.7074412e+02   1.2794953e+02
   3.3564796e+02   7.3555365e+02   3.4929048e+02
   3.4205972e+02   7.0215090e+02   1.4029855e+01
   1.4046609e+02   6.0473283e+02   6.3428709e+01
   3.5316573e+02   7.7997949e+02   3.4521297e+02
   3.7496997e+02   6.7249672e+02   2.7363288e+02
   1.2968894e+02   7.1772876e+02   2.2118300e+02
   2.0901764e+02   5.8144543e+02   1.2016287e+01
   2.2823867e+02   7.0157310e+02   2.7449461e+02
   2.6484408e+01   7.1792603e+02   2.1384890e+02
   1.8066368e+02   6.6444124e+02   1.6125870e+02
   3.0197389e+02   7.6040162e+02   1.2095858e+02
   3.7625199e+02   7.7609914e+02   3.5790067e+01
   2.3851712e+02   5.6397079e+02   1.2949199e+02
   3.5240844e+02   7.5603200e+02   1.7735128e+02
   9.4028718e+01   6.3772651e+02   1.6290887e+02
   2.8009282e+02   7.4830270e+02   1.1924787e+02
   4.5858670e+01   7.1627599e+02   1.0676365e+02
   2.0819877e+02   7.0472785e+02   2.7139452e+02
   1.0377261e+02   7.3484162e+02   1.8463300e+02
   3.6011582e+02   7.6553945e+02   3.7359141e+02
   4.5372802e+01   5.8320004e+02   7.6204683e+01
   2.7844892e+01   7.0395364e+02   3.5662792e+02
   2.7482147e+02   6.7037713e+02   2.3608660e+02
   3.9477186e+02   6.7660463e+02   4.2629678e+00
   2.5448135e+02   7.7118737e+02   4.5952949e+01
   9.4587934e+01   6.9217744e+02   3.4089442e+02
   1.7215513e+02   6.7214374e+02   2.2925703e+02
   4.1371369e+01   5.5331429e+02   2.7631477e+02
   3.3051890e+02   6.7295708e+02   1.1071677e+02
   1.7626934e+02   7.5667515e+02   3.8804080e+02
   2.8982920e+02   7.5099916e+02   1.6016131e+02
   1.1519720e+02   5.6704215e+02   1.5764856e+02
   1.2330107e+02   7.7823413e+02   2.2001320e+02
   1.4312905e+02   6.5073844e+02   1.8625188e+02
   2.3883281e+02   6.6345313e+02   2.2388439e+02
   1.6399051e+02   7.4547521e+02   2.6327595e+02
   2.8513242e+02   7.7457433e+02   6.0774912e+01
   1.0233499e+02   7.5560982e+02   3.5635478e+02
   1.7968905e+02   7.4378455e+02   3.8769067e+02
   2.0426308e+02   7.4310344e+02   3.0626461e+02
   1.0771883e+02   7.4326990e+02   3.7325611e+02
   6.5752783e+01   6.8255942e+02   3.1887084e+02
   1.0509519e+02   5.7689002e+02   3.3157950e+02
   7.9768184e+01   7.7360101e+02   1.7819423e+02
   3.5268690e+02   6.7228140e+02   1.0547668e+02
   3.6103352e+02   7.4047664e+02   2.3616374e+02
   8.8952834e+01   7.3095253e+02   2.9373403e+02
   1.9174570e+02   7.1801250e+02   2.1362918e+02
   2.5180152e+02   5.4249276e+02   3.2337024e+02
   3.4075368e+02   6.3172799e+02   5.9073973e+01
   1.8823193e+02   7.4297701e+02   1.1704552e+02
   2.3416357e+02   7.4456979e+02   5.9033996e+01
   1.7479561e+02   5.4642914e+02   3.1615966e+02
   2.7858920e+02   6.2764364e+02   3.1523970e+02
   1.8405915e+02   6.0959549e+02   2.9638996e+02
   1.6360470e+02   7.0760783e+02   3.1501797e+01
   3.9699240e+02   5.6435505e+02   5.2048234e+01
   3.2664553e+02   5.6490646e+02   1.7831735e+02
   6.0738445e+01   6.8197268e+02   3.0146333e+02
   6.6793443e+01   7.6436361e+02   3.5525022e+02
   1.8222738e+02   6.4513361e+02   1.0316510e+02
   9.5999462e+01   7.0620381e+02   3.7443797e+02
   3.4440912e+02   6.9318496e+02   3.5121046e+02
   1.1878583e+02   6.2269908e+02   2.9156035e+02
   7.3297928e+01   6.4091711e+02   4.5703750e+01
   1.9497621e+02   7.2415022e+02   3.7579022e+02
   1.2203558e+02   5.7843490e+02   1.0164987e+01
   2.6323886e+01   6.5238037e+02   9.3755960e+01
   1.4399312e+00   6.8017881e+02   4.6779825e+01
   7.5932150e+01   5.7848255e+02   2.1332544e+02
   2.6100698e+02   6.6732423e+02   2.8752441e+02
   1.7419879e+02   6.7953206e+02   2.4022431e+02
   2.3814873e+02   7.4659150e+02   7.0390118e+00
   2.1878933e+02   6.8088128e+02   1.3945337e+02
   1.2143599e+02   7.0408996e+02   2.5461867e+02
   3.8564072e+02   6.5023851e+02   3.3878627e+01
   3.7549524e+02   6.8269861e+02   2.3049928e+02
   3.7726146e+02   7.2944205e+02   1.7792540e+02
   3.5844212e+02   6.9507966e+02   3.6763628e+02
   3.5133642e+02   6.0591594e+02   2.8796923e+02
   1.1822673e+02   5.6688078e+02   2.7843195e+02
   2.1451428e+01   7.3250040e+02   2.6031236e+02
   1.2670079e+02   6.8495325e+02   2.0450070e+02
   1.2531305e+02   6.4102925e+02   5.6591814e+01
   2.1570544e+02   7.4119296e+02   1.8107046e+02
   3.4144388e+01   6.1821182e+02   2.6718458e+02
   1.6954540e+02   6.9124207e+02   2.7902188e+02
   1.4611046e+02   5.5413977e+02   1.8351211e+02
   2.6152642e+02   6.9145891e+02   2.1665528e+02
   2.3648558e+02   7.2297050e+02   1.2053743e+02
   2.5179379e+02   6.6089614e+02   1.6593275e+02
   3.5238738e+02   7.3121229e+02   1.6375656e+02
   1.4985334e+02   7.3120833e+02   2.4098306e+02
   3.8431333e+02   6.8927980e+02   7.6172221e+01
   9.9379206e+01   6.4706239e+02   1.1582492e+02
   1.1044904e+02   6.4932050e+02   2.0019604e+02
   6.9945297e+01   7.7149734e+02   3.6061120e+02
   3.4965679e+02   5.8155513e+02   2.2685047e+02
   1.9551556e+02   6.7995196e+02   2.4340945e+02
   4.1141201e+01   6.8179969e+02   2.0598756e+02
   2.5663400e+02   7.4862118e+02   1.2967087e+01
   2.4762217e+02   7.6074525e+02   3.1130849e+01
   2.6422821e+02   7.4693306e+02   2.4630879e+02
   2.7938478e+02   7.6760374e+02   6.4420827e+01
   2.8184365e+02   5.6784448e+02   1.5669694e+02
   2.8265392e+01   7.2461432e+02   2.9872169e+02
   6.3812247e+01   5.4163952e+02   6.6705940e+01
   2.7479643e+02   7.6700536e+02   2.6802488e+02
   2.5180496e+02   6.0020222e+02   3.8310570e+01
   2.2828338e+02   6.0539436e+02   2.5645662e+02
   3.5364508e+02   6.6614998e+02   2.3248666e+02
   3.4385361e+02   5.4639896e+02   2.8442397e+02
   1.7307969e+02   6.7695316e+02   6.5815300e+01
   2.3513277e+02   6.1033081e+02   1.0489871e+02
   3.3213930e+02   5.9376456e+02   1.4881401e+01
   2.5417372e+02   5.5410125e+02   3.3553261e+02
   3.7875919e+02   7.2401625e+02   1.1157081e+02
   1.5427354e+02   6.1506413e+02   2.9922813e+02
   1.2849844e+02   7.5699617e+02   3.3316516e+02
   1.3422136e+02   6.7910092e+02   2.4863628e+02
   3.4172678e+02   5.8946113e+02   3.9589068e+02
   2.3520647e+02   6.0701300e+02   2.7001780e+02
   3.9076608e+02   6.4957485e+02   1.2276024e+02
   2.7814206e+01   7.0950789e+02   3.2443573e+01
   3.7440017e+02   7.0522420e+02   3.0711285e+02
   8.8709231e+01   6.2184431e+02   3.3723864e+01
   1.3688293e+02   7.4519933e+02   6.9723821e+01
   2.0080633e+02   7.7134430e+02   1.0801778e+02
   2.7544825e+02   7.2432716e+02   1.8896415e+02
   3.4517076e+02   7.6702058e+02   2.9560753e+02
   2.0333877e+01   7.4565351e+02   1.1767656e+02
   6.9425281e+01   7.7787911e+02   1.1364074e+02
   1.9692781e+02   6.2010898e+02   1.0794807e+02
   2.9057493e+02   6.0024071e+02   2.4052661e+02
   3.3404367e+02   7.4001390e+02   2.0295536e+02
   2.0555514e+02   6.2028964e+02   2.2535909e+02
   2.1481045e+02   6.6877916e+02   8.4934966e+01
   1.0810511e+01   5.5002374e+02   2.6631035e+02
   4.3704931e+01   7.0469452e+02   2.6139130e+02
   9.0393753e+01   6.8781639e+02   1.0518224e+02
   6.6395940e+01   6.4164595e+02   2.3092564e+02
   6.6779286e+01   7.4350143e+02   2.8198819e+02
   3.5297716e+02   7.2966378e+02   4.1416814e+01
   1.8056247e+02   6.9801280e+02   1.1580585e+02
   3.3959868e+01   6.7842737e+02   2.8314135e+02
   2.1212871e+02   7.2803840e+02   1.5081351e+02
   1.3499155e+02   5.7292151e+02   1.7891929e+02
   1.0958370e+02   7.1568236e+02   3.2397806e+02
   5.5892747e+01   6.5873334e+02   2.6333129e+02
   1.9276577e+02   6.5818001e+02   3.7210181e+02
   2.0280974e+02   7.1611982e+02   2.8329196e+02
   2.6120286e+02   6.6733843e+02   7.2387915e+01
   2.8214836e+02   6.8047061e+02   2.3832176e+01
   2.7071021e+02   5.8446700e+02   4.6066165e+01
   4.4882966e+01   6.9075076e+02   2.7992810e+02
   3.8606855e+02   7.3809237e+02   3.9494405e+02
   2.6182785e+02   5.5383798e+02   3.6053119e+02
   2.2890150e+02   7.6195617e+02   1.2291135e+02
   2.9500996e+02   6.8789996e+02   3.7561441e+02
   1.3210653e+02   7.2912347e+02   3.5354991e+01
   1.3669564e+02   7.6131103e+02   2.5086298e+02
   3.4467261e+02   6.5397815e+02   1.7452039e+02
   6.1082485e+01   7.4204204e+02   1.8539455e+02
   3.9280363e+02   6.9170263e+02   1.0400382e+02
   3.5109913e+02   6.4200615e+02   7.1588206e+00
   2.1127196e+02   6.3513948e+02   2.9994706e+01
   8.6747032e+01   7.0052364e+02   8.1717743e+01
   2.7242461e+02   6.8430192e+02   6.0993044e+01
   3.1908564e+02   6.0580793e+02   4.0790878e+01
   3.7498182e+02   7.3212385e+02   9.2033397e+01
   1.7773352e+02   6.5713571e+02   2.3403378e+02
   1.4034705e+02   7.0927693e+02   3.8376161e+01
   3.8011848e+02   7.5427971e+02   2.7596522e+02
   3.6134255e+02   5.7746989e+02   9.6729140e+01
   3.6667525e+02   6.2926602e+02   4.3308188e+01
   2.7776893e+02   5.4793936e+02   3.1286747e+01
   1.4463745e+02   5.8105610e+02   3.3603437e+02
   1.6709524e+02   6.5521439e+02   1.1576370e+02
   1.2181446e+02   6.1699825e+02   2.3313147e+02
   1.0157708e+02   6.7426860e+02   2.1851243e+02
   9.9658811e+01   7.0356575e+02   1.9528596e+02
   2.8925907e+02   6.8545721e+02   6.1122421e+01
   1.4671816e+02   7.7281354e+02   3.8670125e+02
   3.0900175e+02   3.7292813e+02   3.3575711e+02
   3.6569670e+02   5.3290680e+02   2.1810781e+02
   2.1745720e+02   1.9026751e+02   6.4682412e+01
   5.6658782e+01   5.1247855e+02   3.7479196e+01
   1.4364806e+02   5.2350933e+02   2.0941584e+02
   1.8415682e+02   2.6363261e+02   2.7176798e+02
   1.9876262e+02   4.9136246e+02   3.1674460e+01
   2.5622572e+01   4.4202693e+02   2.8659171e+02
   2.8727008e+01   3.5568580e+02   3.2435081e+01
   3.0772877e+02   4.4719787e+02   1.5929193e+02
   8.6146345e+00   1.4258396e+02   1.1039626e+02
   2.3296493e+02   5.2676796e+02   1.4660090e+02
   3.6978237e+02   4.5775489e+02   3.0844097e+02
   2.0161537e+02   3.7681403e+02   3.0995957e+02
   5.3497749e+01   3.2947116e+02   1.8049943e+02
   2.7710168e+02   3.1931808e+02   1.2322196e+02
   1.0335572e+02   4.3248029e+02   6.5171091e+01
   2.4386535e+02   3.1229173e+02   1.0891868e+02
   6.8882774e+01   4.5921166e+02   1.5765487e+02
   2.5414210e+01   4.3837684e+02   2.4413931e+02
   8.0962971e+01   4.2290579e+02   1.7644515e+02
   1.0019260e+02   4.9604885e+02   2.9401466e+02
   1.8836227e+02   1.9358038e+02   9.0361274e+01
   4.7150728e+01   2.0484306e+02   2.6561778e+02
   1.8869729e+02   5.3607322e+02   3.5512903e+02
   2.0800103e+01   1.5794378e+02   1.1795438e+02
   1.8440206e+02   3.2897135e+02   3.1573996e+02
   3.5918127e+02   1.7586046e+02   9.3987871e+01
   9.3566694e+01   3.4131874e+02   8.5533918e+01
   3.7958723e+02   3.6385970e+02   3.5853075e+02
   5.1231993e+01   3.9013127e+02   1.4349419e+02
   3.0824946e+02   1.6508567e+02   1.2558909e+02
   1.7438107e+01   7.1165850e+01   6.0782790e+01
   2.5855066e+02   3.0135897e+02   3.7408996e+02
   3.2630513e+02   3.3938633e+02   1.9109769e+02
   6.6570628e+01   4.2297615e+02   6.9077436e+01
   3.4361253e+02   3.5805958e+02   1.5710353e+02
   1.1377186e+02   1.1359484e+02   3.4591032e+02
   2.5138064e+01   5.0322972e+02   8.7654896e+01
   3.6549556e+02   5.2533037e+02   2.1966788e+02
   1.3191352e+02   2.7948122e+02   2.8051058e+02
   1.1038750e+00   2.9929335e+02   2.5143082e+02
   2.4168176e+02   5.2955534e+02   8.4801285e+01
   2.1410494e+02   4.9825889e+02   2.8422329e+02
   2.5005078e+02   4.4727999e+02   3.1072656e+02
   3.5981409e+02   4.6248002e+02   2.2480008e+02
   5.0722978e+01   1.7648151e+02   1.9988694e+02
   2.4259665e+01   3.3978554e+02   9.4183267e+01
   6.6013511e+01   3.8044756e+02   3.8361147e+02
   3.6697189e+02   3.0494484e+02   8.9813808e+01
   3.1706401e+02   5.2934716e+02   1.9069909e+02
   1.2673129e+02   1.7889790e+02   2.7147798e+02
   3.3436128e+02   2.1455781e+02   2.3832296e+02
   3.1152155e+02   5.1832923e+02   1.7389630e+02
   5.7741943e+01   2.8283370e+02   1.9657197e+02
   3.3120127e+01   4.2246163e+02   2.1281936e+02
   1.6525281e+02   5.2958279e+02   3.7394785e+02
   1.3389149e+02   4.6506543e+02   3.0508013e+01
   3.3307117e+02   9.4556445e+01   1.0992112e+02
   2.2982557e+02   3.4398352e+02   2.8419012e+02
   1.5437745e+02   5.0722463e+02   2.3140747e+02
   3.2624876e+02   1.3343938e+02   2.5072971e+02
   2.3313309e+02   3.1405374e+02   7.3485444e+01
   3.3702334e+02   4.5767517e+02   2.0989104e+01
   3.7329815e+02   1.8950224e+02   9.5176005e+01
   1.8345371e+02   3.4296289e+02   1.9078203e+02
   2.2139114e+02   4.2666335e+02   1.5577938e+02
   2.0580875e+02   4.8035781e+02   1.7438409e+02
   2.3505100e+02   5.0331526e+02   1.5553807e+02
   8.9707439e+01   2.7933373e+02   1.2787569e+02
   1.2662815e+02   5.0733812e+02   1.7200728e+02
   1.9018091e+02   3.1931945e+02   2.0457200e+02
   1.1213149e+01   1.1447364e+02   2.7614759e+02
   1.7573637e+02   3.3858686e+02   2.9087230e+02
   2.2186558e+02   4.0648009e+02   1.4121197e+02
   2.0344123e+02   3.4593721e+02   2.9648372e+02
   2.9788061e+02   5.3086903e+02   6.2824193e+01
   1.0205588e+02   3.4505337e+02   3.7898364e+02
   2.7067816e+01   4.0575420e+02   1.5140367e+02
   2.2779333e+02   3.9098828e+02   2.2321116e+02
   1.0754198e+02   3.2477242e+02   1.3655004e+02
   3.1702358e+02   3.7394730e+02   2.0341937e+02
   1.4317420e+02   1.1209760e+02   3.3541691e+02
   2.2908337e+02   4.2829004e+02   1.3125478e+02
   2.2665038e+02   4.8187959e+02   5.4129483e+01
   3.7309322e+02   4.9155736e+01   2.3820768e+02
   1.7147128e+02   3.5706611e+02   3.7764082e+02
   1.7217184e+02   3.0629194e+02   3.2833199e+02
   2.5093654e+02   2.3327453e+02   2.9612353e+02
   3.1932039e+02   1.6979671e+02   2.2013015e+02
   2.9242286e+02   3.5974436e+02   1.9209064e+02
   1.8072459e+02   2.7303255e+02   9.0593135e+01
   2.4604688e+02   4.0097679e+02   2.3444491e+02
   2.4229674e+02   4.7683152e+02   4.4595210e+01
   2.1357839e+02   3.8673099e+02   1.7431512e+02
   2.9428427e+02   6.0240832e+01   2.8139256e+02
   1.4109074e+02   1.8138351e+02   3.5429767e+02
   2.6117254e+02   2.9696269e+02   2.6985543e+02
   3.2348153e+02   5.2142591e+02   1.0998036e+02
   2.5386316e+02   4.7685260e+02   2.1597147e+02
   2.8717114e+02   3.5107985e+02   2.3521250e+02
   2.1674480e+02   5.1283217e+02   3.1134845e+01
   1.4203889e+02   2.7626481e+02   2.3962570e+02
   1.6385810e+02   4.8644514e+02   9.5457917e+01
   2.3527459e+02   5.0852452e+02   1.8162756e+02
   2.7181113e+02   4.8925175e+02   3.1733184e+02
   2.5173473e+02   4.1508554e+02   2.0112922e+02
   5.2527752e+01   4.2153638e+02   2.4722369e+02
   3.1374192e+02   3.1319812e+02   2.1444692e+02
   1.8300352e+02   2.9396476e+02   2.0777486e+02
   3.4009386e+02   1.2987051e+02   6.4395890e+01
   1.6114892e+02   5.3152184e+02   9.8784129e+01
   2.0535848e+02   1.6014687e+02   8.2479449e+01
   1.4668930e+02   4.8462642e+02   3.4552897e+02
   3.7897871e+02   1.7718834e+02   2.6234980e+02
   2.7495069e+02   4.6919631e+02   2.3027204e+02
   2.2573693e+02   3.5260405e+02   7.0521009e+01
   7.3880215e+01   3.5335786e+02   3.4311577e+02
   1.8654209e+02   3.4535335e+02   1.9121923e+02
   9.3000984e+01   3.3257893e+02   1.8373322e+02
   2.8857814e+02   3.0247304e+02   1.9592579e+02
   2.1348896e+02   3.3993714e+02   1.4013411e+02
   8.5255380e+01   5.0857266e+02   1.5318972e+02
   7.8642293e+01   4.2194494e+02   2.0243884e+02
   8.1737673e+01   4.7158384e+02   1.0571456e+02
   3.0906872e+01   5.3831037e+02   1.3417358e+02
   2.2373752e+02   2.6639489e+02   3.3969119e+02
   3.9291271e+02   3.4608619e+02   3.5200466e+02
   2.0076115e+01   5.3600618e+02   2.4872869e+02
   3.3845928e+01   5.2248453e+02   6.3164155e+01
   7.9064836e+01   3.2408193e+02   2.1080247e+02
   1.7109484e+02   5.3384370e+02   2.7665206e+02
