   1.7145485e+02   1.3005928e+03   2.2075178e+02
   1.8670454e+02   1.2147820e+03   1.7448047e+02
   1.4076271e+02   1.4698698e+03   1.5795507e+02
   1.8665779e+02   1.3978956e+03   1.1416307e+02
   2.4751520e+02   1.1806377e+03   1.8353195e+02
   2.8669098e+02   1.1762995e+03   3.9621986e+02
   3.7060859e+02   1.6086114e+03   1.8511817e+02
   6.1501899e+01   1.4623156e+03   1.3744255e+02
   1.7530165e+02   1.3617315e+03   1.2197333e+02
   1.9633047e+02   1.4404862e+03   1.6942511e+02
   1.6638130e+02   1.4121615e+03   1.3841262e+02
   1.7466137e+02   1.5896257e+03   2.4504420e+02
   2.0527464e+02   1.3428938e+03   2.0991539e+02
   2.6951492e+02   1.1637115e+03   1.4556345e+02
   2.3402879e+02   1.3836008e+03   1.0257123e+02
   1.3042971e+02   1.2212324e+03   9.5078663e+01
   1.8638565e+02   1.3583707e+03   6.8469925e+01
   2.5547307e+02   1.4892206e+03   1.5502739e+02
   1.2162885e+02   1.4194778e+03   1.2220676e+02
   2.5852890e+02   1.2688351e+03   1.6602055e+02
   2.1080178e+02   1.2441684e+03   1.3517740e+02
   8.5509447e+01   1.3516867e+03   6.8698151e+01
   3.0170635e+02   1.3481276e+03   1.7920434e+02
   2.3321366e+02   1.4272845e+03   2.3967748e+02
   2.9881799e+02   1.3617847e+03   1.6306303e+02
   1.6123564e+02   1.4021893e+03   1.5308608e+02
   1.4372731e+02   1.4364394e+03   1.5099521e+02
   1.5686906e+02   1.2295189e+03   1.5870864e+02
   2.3161138e+02   1.1722577e+03   8.3502868e+01
   3.3842057e+02   1.6671189e+03   3.4341420e+02
   5.5472569e+01   1.3872134e+03   2.3745459e+02
   1.4350247e+02   1.5104667e+03   1.4866942e+02
   2.6949068e+02   1.3590045e+03   1.6753709e+02
   3.0068093e+02   1.5955184e+03   2.0163958e+01
   2.2478874e+02   1.4170975e+03   6.3376971e+01
   1.0501552e+02   1.3512184e+03   1.5112060e+02
   3.1761562e+01   1.1605011e+03   3.2065228e+02
   1.9352427e+02   1.2107549e+03   1.5602997e+02
   1.2721946e+02   1.8178422e+03   1.6652780e+02
   1.4892098e+02   1.5327134e+03   1.1184936e+02
   3.4940532e+02   1.2145458e+03   1.9793534e+02
   1.2735760e+02   1.1788004e+03   2.6599730e+02
   2.4047085e+02   1.7141115e+03   2.3516492e+02
   2.1054916e+02   1.7606595e+03   1.1806280e+02
   4.8770628e+01   1.1985741e+03   3.6270907e+02
   2.3718940e+02   1.7711917e+03   2.5659054e+02
   1.4144037e+02   1.1771102e+03   2.4714713e+02
   2.7254231e+02   1.5609005e+03   1.7412354e+02
   2.2110533e+02   1.6939561e+03   1.1201407e+02
   8.1011767e+01   1.1870983e+03   1.0043775e+02
   1.1982374e+02   1.6051727e+03   1.4142394e+02
   3.0441366e+02   1.5162094e+03   2.1671826e+02
   2.7700755e+02   1.8570560e+03   1.6459108e+02
   3.1527722e+02   1.2556686e+03   1.0539467e+02
   1.0045312e+02   1.1670353e+03   2.5388668e+01
   1.5602393e+02   1.8301402e+03   1.7446702e+02
   1.2486837e+02   1.3877622e+03   9.8748074e+01
   2.0581380e+02   1.5656861e+03   1.1113070e+02
   1.6865440e+02   1.8387914e+03   1.6772863e+02
   2.8834731e+02   1.1688054e+03   9.7952266e+01
   1.3052648e+02   1.2243761e+03   2.0741054e+02
   2.6274698e+02   1.7971981e+03   2.1602707e+02
   1.2141221e+02   1.2851868e+03   9.9426528e+01
   3.4259872e+02   1.2046792e+03   3.5717703e+02
   1.0281386e+02   1.5620746e+03   1.6908485e+02
   3.1834201e+02   1.1723761e+03   2.5790044e+02
   1.8666714e+02   8.5309310e+02   1.6155208e+02
   1.3859212e+02   8.8714051e+02   1.4138022e+02
   4.0568508e+01   1.0154444e+03   1.5291086e+02
   2.3941819e+02   9.0870748e+02   2.0821083e+02
   7.7264828e+01   8.8966244e+02   2.2700034e+02
   3.5635425e+02   9.6901188e+02   2.9397974e+02
   2.3072731e+02   1.1123706e+03   1.0942707e+02
   1.1947805e+02   1.1088032e+03   2.7489309e+02
   3.5317903e+02   1.1177479e+03   1.5399995e+02
   1.8898703e+02   1.0446887e+03   1.8938676e+02
   1.2094059e+02   1.0951832e+03   2.0948632e+02
   7.4368630e+01   9.5091063e+02   3.3073594e+02
   2.7004310e+02   1.0812845e+03   1.3723161e+02
   2.1007110e+02   1.0743769e+03   2.5907555e+02
   1.7734990e+02   1.0593114e+03   3.0533630e+02
   6.8104724e+01   1.0553448e+03   1.8735905e+02
   1.7084177e+02   1.0728098e+03   2.6410296e+02
   1.5233351e+02   1.0899780e+03   1.3439314e+02
   2.6421128e+02   1.0989673e+03   6.4695647e+01
   3.6587795e+02   9.3563496e+02   4.3413364e+01
   1.9211020e+02   9.7225868e+02   1.8589290e+02
   2.5307395e+02   8.2052596e+02   1.5693995e+02
   2.0313081e+02   9.6052336e+02   1.6452491e+02
   2.3049205e+02   1.0427292e+03   7.9867749e+01
   3.4386641e+02   1.0658182e+03   1.4233237e+02
   2.1306448e+02   1.1449657e+03   2.0956754e+02
   2.1278039e+02   8.0273262e+02   1.6313180e+02
   1.1158344e+02   1.0965850e+03   3.5235620e+02
   2.5329434e+02   8.8058271e+02   3.3275676e+02
   1.2405674e+02   8.8724736e+02   9.1815412e+01
   1.7155212e+02   8.9919484e+02   2.9587210e+02
   3.2749128e+02   1.0489234e+03   1.9080089e+02
   2.1392476e+02   8.9214073e+02   3.9918409e+02
   2.5507208e+02   1.0917985e+03   2.0831317e+02
   9.5184741e+01   9.1066861e+02   1.2264384e+02
   2.7762696e+02   9.0589710e+02   1.2390638e+02
   1.9915944e+02   9.9948904e+02   2.8306205e+02
   2.4823056e+02   1.1542563e+03   1.1571531e+02
   2.6309756e+02   8.9120220e+02   2.0185842e+02
   2.0915703e+02   1.1372253e+03   1.5793010e+02
   2.4082169e+02   1.0425852e+03   2.6840465e+02
   2.0848192e+02   8.6534318e+02   2.5066601e+02
   2.6989182e+02   8.8361083e+02   1.6225900e+02
   1.0944453e+01   1.1134400e+03   2.3456246e+02
   1.2269477e+02   1.0938758e+03   1.9742307e+02
   9.9247094e+01   8.9008990e+02   1.8827678e+02
   1.4786935e+02   1.0965704e+03   2.4816914e+02
   1.3719865e+02   9.9583842e+02   1.2246972e+02
   3.8457864e+02   9.7218196e+02   4.8915584e+01
   2.0251152e+02   8.0658840e+02   6.0122938e+01
   1.7772965e+02   8.0767673e+02   1.7427936e+02
   2.2373046e+02   8.9673453e+02   2.8535759e+02
   2.0230497e+02   1.0964933e+03   1.5074496e+02
   3.6194046e+02   9.1343675e+02   1.1167723e+02
   2.7078542e+02   8.9222281e+02   3.5896819e+02
   2.6739506e+02   8.0424496e+02   3.1041758e+02
   2.3583327e+02   8.4163744e+02   1.7933390e+02
   8.4151894e+01   8.3580151e+02   1.7219541e+02
   7.7465387e+01   8.6984157e+02   2.2760549e+02
   3.9580178e+02   8.9182300e+02   3.2355621e+02
   2.5033099e+02   8.1514199e+02   4.3184911e+01
   1.6913053e+02   1.0515014e+03   2.4843258e+02
   1.3167323e+02   1.0189914e+03   5.5145195e+01
   3.9949248e+01   9.7077876e+02   2.4294951e+02
   3.4082445e+01   9.4619982e+02   5.8783859e+01
   3.1830551e+02   9.0096316e+02   1.1504506e+02
   2.7199241e+02   1.0713355e+03   2.9303222e+02
   3.6104178e+02   9.3810181e+02   1.8881760e+02
   3.5100891e+02   9.9069910e+02   1.0102295e+02
   3.3396039e+02   1.0732666e+03   1.9768401e+02
   2.3170411e+02   8.8828000e+02   9.3788000e+01
   2.5283337e+02   7.9286675e+02   2.4452756e+02
   1.0486639e+01   8.8001450e+02   2.4004649e+02
   1.9085166e+02   9.3927997e+02   3.5257807e+02
   2.1306184e+01   9.3622373e+02   2.9255474e+02
   6.0014972e+01   9.1426004e+02   3.1933756e+02
   1.5958056e+02   9.1878053e+02   2.4770091e+02
   5.8620086e+01   9.0950823e+02   3.6714519e+02
   3.6212947e+02   9.9009587e+02   1.4289202e+02
   1.0950423e+01   9.4987555e+02   2.5359841e+02
   2.3137186e+02   1.0144691e+03   2.6457128e+02
   3.2066364e+02   9.2079443e+02   4.7807125e+01
   7.2155530e+01   9.5154903e+02   1.2377447e+02
   2.2985390e+02   9.0185388e+02   3.3599517e+02
   2.9203884e+02   8.2567043e+02   1.2367156e+02
   1.5190437e+02   7.9269022e+02   1.1189948e+01
   1.5651743e+02   7.8905419e+02   9.4469522e+00
   1.1645429e+02   1.1260406e+03   3.3589916e+02
   3.2970504e+02   9.5048462e+02   3.8539613e+02
   2.5099744e+02   9.7205586e+02   2.2261944e+02
   3.7835230e+02   9.0559621e+02   3.0359713e+02
   3.2214225e+02   7.8871364e+02   2.4646899e+02
   2.6737825e+02   8.0629209e+02   3.5203979e+02
   1.4140525e+02   8.0757161e+02   3.8209407e+02
   1.8106069e+02   8.9259391e+02   1.1105234e+02
   1.2324856e+02   1.0464313e+03   2.8371676e+02
   2.7311284e+02   8.8954345e+02   3.9780391e+02
   1.7456999e+02   9.4694879e+02   3.2276794e+02
   2.1985856e+02   1.0161904e+03   2.0826455e+02
   1.9189281e+02   1.0719321e+03   2.0982956e+02
   1.0501860e+02   8.8215535e+02   2.1661476e+02
   2.7211759e+02   8.5072707e+02   9.8628155e+01
   3.4779480e+01   9.3644076e+02   2.0505689e+02
   1.7429598e+02   9.7261314e+02   8.7837183e+01
   7.0856062e+01   1.0259888e+03   1.9269996e+02
   3.3280707e+01   8.6660781e+02   2.8169457e+02
   2.1592453e+02   1.0900454e+03   1.8127833e+02
   8.8403862e+01   9.0326794e+02   2.8004018e+02
   1.4179446e+02   8.1476194e+02   1.8506202e+02
   1.0245749e+02   1.0525894e+03   9.9930285e+01
   9.7424364e+01   9.9483378e+02   7.7846150e+01
   2.9091153e+02   9.3828934e+02   1.4510588e+02
   2.3375479e+02   1.0392434e+03   5.3079763e+01
   9.7348991e+01   8.5794169e+02   1.9263000e+02
   2.2183004e+02   8.1914755e+02   2.2246887e+02
   3.0075940e+02   1.1270095e+03   1.4570047e+02
   1.0135101e+02   1.0980437e+03   2.1725820e+02
   3.9637592e+02   1.0761135e+03   7.1507355e+01
   2.6006357e+02   9.7482782e+02   6.3688537e+01
   2.3348323e+02   7.9562457e+02   2.0356977e+02
   2.5689339e+02   1.0959164e+03   9.2159914e+01
   7.7276100e+01   9.0951500e+02   2.7323030e+02
   2.6563620e+02   7.9939699e+02   2.9149827e+02
   2.7126656e+02   8.2775413e+02   2.0926963e+02
   1.5027507e+02   7.8700992e+02   1.4851404e+02
   1.9746163e+02   1.1419016e+03   1.8490591e+02
   2.6633478e+02   1.0191260e+03   1.3394170e+02
   1.1303360e+02   1.0139598e+03   1.5393731e+02
   3.0796311e+02   8.7400455e+02   2.0926753e+01
   1.6821947e+02   8.4153187e+02   8.1891369e+01
   1.3192968e+02   8.2642862e+02   2.4755258e+02
   1.2378638e+02   8.5550225e+02   2.3960967e+02
   1.6322428e+02   1.0391780e+03   7.4174455e+01
   2.2557118e+01   1.1237957e+03   4.9912284e+01
   2.9156829e+02   9.6273188e+02   2.1433675e+02
   1.7647589e+02   1.1424216e+03   2.9141349e+02
   1.6794395e+02   9.3175138e+02   1.7970935e+02
   3.1262676e+02   1.1245592e+03   2.2985829e+02
   2.0035676e+02   8.5102406e+02   2.7200069e+02
   2.8154675e+02   8.3666199e+02   1.4515515e+02
   1.5313346e+02   1.0935423e+03   1.3405149e+02
   2.8273895e+02   1.0142776e+03   2.9693052e+02
   3.4599395e+02   8.7101730e+02   3.2426249e+02
   3.4337654e+02   8.7955550e+02   1.9551210e+02
   2.7114606e+02   8.5630859e+02   1.5178533e+02
   3.5166035e+02   8.9938099e+02   2.0022533e+02
   3.8482822e+02   1.1398603e+03   2.5503903e+02
   2.8953735e+02   9.4782766e+02   9.8227301e+01
   1.7578532e+02   1.1490708e+03   1.2767799e+02
   9.2886508e+01   1.1582712e+03   2.1374304e+02
   3.7955405e+02   1.0725559e+03   4.5096868e+01
   2.9198712e+02   1.0722452e+03   1.1434271e+02
   3.7798368e+02   7.8428061e+02   1.8846453e+02
   2.8631292e+02   8.1914785e+02   2.3422607e+02
   2.3266539e+02   8.7158683e+02   8.8660856e+01
   2.3605105e+02   1.1067375e+03   2.2976524e+02
   6.6526113e+01   7.9965946e+02   1.3076167e+02
   2.5965837e+02   1.0041349e+03   1.2489735e+02
   1.2499370e+02   1.1461240e+03   1.6418692e+02
   3.7491598e+02   8.2091635e+02   9.8077859e+00
   1.9422784e+02   9.2393815e+02   1.7865301e+02
   8.4094181e+01   8.4531616e+02   9.3174559e+01
   2.0328045e+02   1.0788343e+03   1.2132873e+02
   2.5976429e+02   9.1458232e+02   2.9188826e+02
   2.9159422e+02   9.5679144e+02   5.9538350e+01
   3.7135101e+02   8.6104996e+02   1.4150452e+02
   1.8881230e+02   1.1243458e+03   1.0350169e+00
   1.1847192e+02   1.1514612e+03   1.5514162e+02
   2.4121441e+02   1.0488339e+03   2.9978048e+02
   3.0389988e+02   1.0253732e+03   1.3310194e+02
   2.2568177e+02   1.0656221e+03   9.8806445e+01
   3.7179609e+02   1.0692032e+03   2.1170211e+02
   1.5041936e+02   9.0518979e+02   2.6869692e+02
   3.4884735e+02   1.0626426e+03   2.3283807e+02
   2.2573415e+02   1.0480992e+03   3.9007793e+01
   2.0100127e+02   7.9492903e+02   3.1930965e+02
   2.0690325e+02   9.8427894e+02   1.7041564e+02
   9.9317603e+01   8.5493997e+02   1.6038144e+02
   1.1734009e+02   8.3216855e+02   5.1619304e+01
   1.5555855e+02   1.0208029e+03   1.7230979e+02
   1.1844223e+02   1.0973719e+03   1.1821138e+02
   2.3443455e+02   8.7897660e+02   2.1490290e+02
   2.0856356e+02   6.9638039e+02   9.4126350e+00
   1.8850203e+02   7.1329257e+02   3.1406324e+02
   2.2177808e+02   6.4584136e+02   4.6574585e+01
   3.0131742e+02   6.3844340e+02   1.8895885e+02
   1.2867553e+02   6.7024093e+02   9.1872195e+01
   1.7093236e+02   7.7935073e+02   1.7192557e+02
   1.1279447e+02   6.7463836e+02   3.9498723e+02
   2.1943177e+02   7.7090571e+02   2.6701848e+02
   2.2538690e+02   7.6669232e+02   2.2160161e+02
   2.7781731e+02   5.7901346e+02   3.6181548e+02
   1.9640705e+02   5.8785467e+02   1.9717067e+02
   2.1142533e+02   6.0008814e+02   2.8431224e+02
   1.8089110e+02   7.2995781e+02   3.4471357e+02
   1.4044662e+02   6.6076350e+02   1.6152245e+02
   3.3782322e+02   7.0816331e+02   3.9496545e+02
   3.5849529e+01   5.8435025e+02   2.3196883e+02
   1.3395502e+01   7.6603186e+02   1.6137424e+02
   2.2992756e+02   7.7798742e+02   1.8431448e+02
   3.6237882e+02   6.5835046e+02   3.5488486e+02
   3.4436179e+02   7.7348927e+02   2.1341811e+02
   3.2156282e+02   6.5601505e+02   3.0067350e+02
   2.0152825e+02   6.6575460e+02   2.3727810e+02
   3.0439256e+02   5.8583487e+02   6.0069323e+01
   2.2946846e+02   6.9665835e+02   1.6329418e+02
   1.8132560e+02   6.2427409e+02   1.1144935e+02
   1.6193985e+02   6.8485696e+02   3.5717740e+02
   2.7917702e+02   6.3971218e+02   1.2191124e+01
   2.0396038e+02   6.7644005e+02   4.6900319e+01
   1.6953789e+02   6.0990408e+02   2.8931107e+02
   1.5533201e+02   7.3287864e+02   7.7022423e+01
   2.5255343e+02   7.1529190e+02   2.7183509e+02
   2.8730099e+02   6.7988396e+02   2.0843180e+02
   2.3828578e+02   6.2639715e+02   2.9882365e+02
   1.3070306e+02   6.7465814e+02   3.4540356e+02
   1.7238659e+02   6.6958682e+02   1.0144704e+02
   2.0114907e+02   6.9167853e+02   8.7731160e+01
   3.6902199e+01   5.9345615e+02   3.1523440e+02
   9.6779885e+01   7.2928468e+02   2.4379333e+02
   1.2143862e+02   5.7157341e+02   1.4088792e+02
   3.3919569e+02   6.4664130e+02   1.8570189e+02
   3.7091795e+01   7.3327267e+02   2.8671775e+02
   3.0942032e+01   7.7791588e+02   3.9167353e+02
   6.3369423e+01   5.5023679e+02   2.0727315e+02
   3.9491614e+02   5.9350582e+02   1.3194688e+02
   2.9692589e+02   7.6387884e+02   4.1761270e+01
   2.6789783e+02   7.7349220e+02   3.2046236e+02
   1.7530140e+02   6.5616893e+02   2.0436693e+02
   2.9193232e+02   7.1830868e+02   1.3597859e+02
   5.0283015e+01   6.2878120e+02   1.4569713e+02
   4.6707905e+01   6.8966525e+02   1.2218699e+02
   1.0177093e+02   7.1296048e+02   6.4155881e+01
   2.3727065e+01   6.3743024e+02   1.2575979e+01
   1.8303605e+02   6.0571749e+02   3.0526109e+02
   2.0307255e+02   7.5981772e+02   1.6566027e+02
   7.8625793e+01   5.7222743e+02   1.1568376e+02
   1.7467729e+02   7.3437666e+02   3.3872083e+01
   3.3668581e+02   7.4690472e+02   9.3173884e+01
   3.1136929e+02   5.5664867e+02   2.5004125e+02
   3.1798726e+02   7.4916118e+02   2.4366731e+02
   9.0032611e+01   6.6636592e+02   9.5551737e+01
   1.8012245e+02   5.7526308e+02   1.1054402e+02
   1.7138464e+02   6.4872941e+02   1.3530872e+02
   2.0446105e+02   6.4269582e+02   1.4814448e+02
   1.3387239e+02   5.7108889e+02   1.5140058e+02
   1.5090490e+02   7.7070767e+02   2.1127275e+02
   1.5078972e+02   6.4455081e+02   4.3732017e+01
   2.0489641e+02   6.9190024e+02   1.8009953e+02
   2.7571266e+01   7.5778713e+02   2.8538090e+02
   1.2117450e+01   5.5641337e+02   2.5391114e+02
   9.9309829e+01   6.9946551e+02   6.6625959e+00
   3.8863715e+02   6.6308210e+02   2.7743464e+02
   2.3385098e+02   6.5767199e+02   2.1354479e+02
   1.0923167e+02   7.7465038e+02   6.4893813e+01
   1.5983525e+02   6.6809624e+02   2.9523685e+02
   1.2340917e+02   7.6313018e+02   2.9175517e+02
   5.7996394e+00   6.2634998e+02   2.6255708e+01
   2.0148852e+02   6.6443430e+02   1.5787995e+02
   1.3590060e+02   5.9636784e+02   1.6486622e+02
   9.6562616e+01   6.1641887e+02   2.4642075e+02
   1.4937049e+02   6.9894136e+02   1.3509834e+02
   3.0943011e+02   5.6653573e+02   1.8479352e+02
   3.3852769e+02   6.2511321e+02   4.7177936e+01
   2.9340821e+02   6.3634624e+02   3.3903101e+02
   2.7617064e+02   6.2726512e+02   2.4852055e+02
   2.3154523e+02   6.1971910e+02   2.6956065e+02
   2.3682349e+02   6.1811154e+02   1.7431923e+02
   3.9097364e+02   7.7543489e+02   2.2706499e+02
   3.4955775e+02   7.7857791e+02   1.7946833e+02
   1.8483556e+02   7.7306014e+02   1.5231979e+02
   1.0426777e+02   7.6193809e+02   2.9715395e+02
   2.3856719e+02   5.5067193e+02   2.7185179e+02
   2.6482207e+02   6.8669362e+02   1.7115367e+02
   3.0209597e+00   6.5255234e+02   2.2022799e+02
   1.6699150e+02   7.0726069e+02   1.9061048e+02
   1.8404307e+02   6.8909758e+02   2.0778578e+02
   2.7791809e+02   6.4117791e+02   2.3584216e+02
   3.5794875e+02   5.7383967e+02   2.8044467e+02
   3.4648173e+02   6.6709091e+02   1.9670495e+02
   1.6704773e+02   6.9529632e+02   2.0799563e+02
   2.7315715e+02   7.1406470e+02   1.3995612e+02
   1.9621305e+02   5.9594170e+02   1.8989282e+02
   1.0690976e+02   5.7138188e+02   5.3108207e+01
   2.1683838e+00   7.1340183e+02   1.6026827e+02
   2.6538637e+02   6.5080100e+02   2.6652662e+02
   2.0480051e+02   7.5750408e+02   3.3602024e+02
   1.5536687e+02   6.6305430e+02   2.9329676e+02
   2.3681297e+02   7.7063568e+02   6.3649388e+01
   4.6348339e+01   6.7711031e+02   3.2488664e+02
   1.3086763e+02   5.4367305e+02   1.7530125e+02
   3.9107468e+02   7.6408966e+02   2.3468163e+02
   1.1103699e+02   6.1088723e+02   2.9473690e+02
   3.2258599e+01   6.8482652e+02   3.4589441e+02
   3.4515615e+02   7.0213132e+02   3.7520711e+01
   1.3819957e+02   6.0433463e+02   3.8370920e+02
   1.1143682e+02   6.9477848e+02   1.0518479e+02
   3.9601346e+02   7.5803676e+02   2.7040055e+02
   3.1509136e+02   7.0622875e+02   1.4844082e+02
   1.0827376e+02   5.9261091e+02   1.9298907e+02
   2.5130245e+01   6.4639577e+02   4.8481863e+01
   1.6903282e+02   7.6402234e+02   2.3579610e+02
   9.1531573e+01   5.7279354e+02   3.2209966e+02
   1.8374757e+02   6.2006903e+02   1.0230120e+02
   3.3504720e+02   7.6944887e+02   7.9681430e+01
   3.8555871e+02   7.6995618e+02   3.8409917e+01
   4.0813917e+01   6.8916316e+02   1.7434260e+02
   2.2330011e+02   6.5946396e+02   3.3308750e+02
   1.5969767e+02   7.7828002e+02   1.3632255e+02
   1.1539897e+02   7.6020484e+02   3.8880039e+02
   2.2731065e+02   6.8122828e+02   3.8496559e+01
   2.8240695e+02   6.7007786e+02   1.8869937e+02
   4.0639947e+01   6.3333296e+02   2.5525688e+02
   1.7920419e+02   6.7435518e+02   2.7861034e+02
   1.5261256e+02   7.3068637e+02   2.5337083e+02
   3.3564796e+02   7.3555365e+02   3.4929048e+02
   3.5316573e+02   7.7997949e+02   3.4521297e+02
   3.7496997e+02   6.7249672e+02   2.7363288e+02
   1.2968894e+02   7.1772876e+02   2.2118300e+02
   2.6484408e+01   7.1792603e+02   2.1384890e+02
   3.5240844e+02   7.5603200e+02   1.7735128e+02
   9.4028718e+01   6.3772651e+02   1.6290887e+02
   2.0819877e+02   7.0472785e+02   2.7139452e+02
   2.5448135e+02   7.7118737e+02   4.5952949e+01
   1.7215513e+02   6.7214374e+02   2.2925703e+02
   3.3051890e+02   6.7295708e+02   1.1071677e+02
   1.1519720e+02   5.6704215e+02   1.5764856e+02
   1.6399051e+02   7.4547521e+02   2.6327595e+02
   1.0233499e+02   7.5560982e+02   3.5635478e+02
   3.5268690e+02   6.7228140e+02   1.0547668e+02
   3.6103352e+02   7.4047664e+02   2.3616374e+02
   8.8952834e+01   7.3095253e+02   2.9373403e+02
   1.8823193e+02   7.4297701e+02   1.1704552e+02
   2.3416357e+02   7.4456979e+02   5.9033996e+01
   1.8405915e+02   6.0959549e+02   2.9638996e+02
   9.5999462e+01   7.0620381e+02   3.7443797e+02
   1.9497621e+02   7.2415022e+02   3.7579022e+02
   7.5932150e+01   5.7848255e+02   2.1332544e+02
   2.6100698e+02   6.6732423e+02   2.8752441e+02
   1.7419879e+02   6.7953206e+02   2.4022431e+02
   2.3814873e+02   7.4659150e+02   7.0390118e+00
   2.1878933e+02   6.8088128e+02   1.3945337e+02
   1.2143599e+02   7.0408996e+02   2.5461867e+02
   3.8564072e+02   6.5023851e+02   3.3878627e+01
   3.7549524e+02   6.8269861e+02   2.3049928e+02
   3.7726146e+02   7.2944205e+02   1.7792540e+02
   1.2531305e+02   6.4102925e+02   5.6591814e+01
   2.1570544e+02   7.4119296e+02   1.8107046e+02
   1.6954540e+02   6.9124207e+02   2.7902188e+02
   2.6152642e+02   6.9145891e+02   2.1665528e+02
   2.5179379e+02   6.6089614e+02   1.6593275e+02
   1.4985334e+02   7.3120833e+02   2.4098306e+02
   3.8431333e+02   6.8927980e+02   7.6172221e+01
   9.9379206e+01   6.4706239e+02   1.1582492e+02
   1.1044904e+02   6.4932050e+02   2.0019604e+02
   6.9945297e+01   7.7149734e+02   3.6061120e+02
   1.9551556e+02   6.7995196e+02   2.4340945e+02
   2.4762217e+02   7.6074525e+02   3.1130849e+01
   2.2828338e+02   6.0539436e+02   2.5645662e+02
   1.7307969e+02   6.7695316e+02   6.5815300e+01
   1.5427354e+02   6.1506413e+02   2.9922813e+02
   1.2849844e+02   7.5699617e+02   3.3316516e+02
   1.3422136e+02   6.7910092e+02   2.4863628e+02
   3.4172678e+02   5.8946113e+02   3.9589068e+02
   3.9076608e+02   6.4957485e+02   1.2276024e+02
   1.3688293e+02   7.4519933e+02   6.9723821e+01
   2.7544825e+02   7.2432716e+02   1.8896415e+02
   3.4517076e+02   7.6702058e+02   2.9560753e+02
   1.9692781e+02   6.2010898e+02   1.0794807e+02
   2.9057493e+02   6.0024071e+02   2.4052661e+02
   2.1481045e+02   6.6877916e+02   8.4934966e+01
   3.3959868e+01   6.7842737e+02   2.8314135e+02
   2.1212871e+02   7.2803840e+02   1.5081351e+02
   1.3499155e+02   5.7292151e+02   1.7891929e+02
   1.0958370e+02   7.1568236e+02   3.2397806e+02
   2.2890150e+02   7.6195617e+02   1.2291135e+02
   6.1082485e+01   7.4204204e+02   1.8539455e+02
   3.9280363e+02   6.9170263e+02   1.0400382e+02
   3.5109913e+02   6.4200615e+02   7.1588206e+00
   8.6747032e+01   7.0052364e+02   8.1717743e+01
   2.7242461e+02   6.8430192e+02   6.0993044e+01
   3.8011848e+02   7.5427971e+02   2.7596522e+02
   3.6667525e+02   6.2926602e+02   4.3308188e+01
   2.7776893e+02   5.4793936e+02   3.1286747e+01
   1.0157708e+02   6.7426860e+02   2.1851243e+02
   9.9658811e+01   7.0356575e+02   1.9528596e+02
   2.8925907e+02   6.8545721e+02   6.1122421e+01
   3.0900175e+02   3.7292813e+02   3.3575711e+02
   3.6569670e+02   5.3290680e+02   2.1810781e+02
   1.4364806e+02   5.2350933e+02   2.0941584e+02
   1.8415682e+02   2.6363261e+02   2.7176798e+02
   2.5622572e+01   4.4202693e+02   2.8659171e+02
   6.8882774e+01   4.5921166e+02   1.5765487e+02
   2.5414210e+01   4.3837684e+02   2.4413931e+02
   1.8869729e+02   5.3607322e+02   3.5512903e+02
   2.0800103e+01   1.5794378e+02   1.1795438e+02
   1.8440206e+02   3.2897135e+02   3.1573996e+02
   5.1231993e+01   3.9013127e+02   1.4349419e+02
   1.2342604e+02   2.6322800e+02   2.7476676e+02
   1.3191352e+02   2.7948122e+02   2.8051058e+02
   2.4168176e+02   5.2955534e+02   8.4801285e+01
   3.5981409e+02   4.6248002e+02   2.2480008e+02
   2.4259665e+01   3.3978554e+02   9.4183267e+01
   3.1706401e+02   5.2934716e+02   1.9069909e+02
   3.3436128e+02   2.1455781e+02   2.3832296e+02
   3.3120127e+01   4.2246163e+02   2.1281936e+02
   3.3702334e+02   4.5767517e+02   2.0989104e+01
   2.2139114e+02   4.2666335e+02   1.5577938e+02
   2.0580875e+02   4.8035781e+02   1.7438409e+02
   2.3505100e+02   5.0331526e+02   1.5553807e+02
   8.9707439e+01   2.7933373e+02   1.2787569e+02
   1.1213149e+01   1.1447364e+02   2.7614759e+02
   2.2779333e+02   3.9098828e+02   2.2321116e+02
   1.0754198e+02   3.2477242e+02   1.3655004e+02
   3.1932039e+02   1.6979671e+02   2.2013015e+02
   2.9242286e+02   3.5974436e+02   1.9209064e+02
   1.8072459e+02   2.7303255e+02   9.0593135e+01
   2.4229674e+02   4.7683152e+02   4.4595210e+01
   2.1357839e+02   3.8673099e+02   1.7431512e+02
   3.2348153e+02   5.2142591e+02   1.0998036e+02
   2.5386316e+02   4.7685260e+02   2.1597147e+02
   1.4203889e+02   2.7626481e+02   2.3962570e+02
   2.7181113e+02   4.8925175e+02   3.1733184e+02
   2.5173473e+02   4.1508554e+02   2.0112922e+02
   3.4009386e+02   1.2987051e+02   6.4395890e+01
   1.4668930e+02   4.8462642e+02   3.4552897e+02
   2.1348896e+02   3.3993714e+02   1.4013411e+02
   3.3845928e+01   5.2248453e+02   6.3164155e+01
   1.7109484e+02   5.3384370e+02   2.7665206e+02
