   1.7145485e+02   1.3005928e+03   2.2075178e+02
   1.8670454e+02   1.2147820e+03   1.7448047e+02
   3.7060859e+02   1.6086114e+03   1.8511817e+02
   6.1501899e+01   1.4623156e+03   1.3744255e+02
   1.6638130e+02   1.4121615e+03   1.3841262e+02
   2.0527464e+02   1.3428938e+03   2.0991539e+02
   1.8638565e+02   1.3583707e+03   6.8469925e+01
   2.5547307e+02   1.4892206e+03   1.5502739e+02
   2.5852890e+02   1.2688351e+03   1.6602055e+02
   2.1080178e+02   1.2441684e+03   1.3517740e+02
   2.3321366e+02   1.4272845e+03   2.3967748e+02
   1.4372731e+02   1.4364394e+03   1.5099521e+02
   1.4350247e+02   1.5104667e+03   1.4866942e+02
   2.6949068e+02   1.3590045e+03   1.6753709e+02
   1.9352427e+02   1.2107549e+03   1.5602997e+02
   1.2721946e+02   1.8178422e+03   1.6652780e+02
   3.4940532e+02   1.2145458e+03   1.9793534e+02
   1.2735760e+02   1.1788004e+03   2.6599730e+02
   2.1054916e+02   1.7606595e+03   1.1806280e+02
   4.8770628e+01   1.1985741e+03   3.6270907e+02
   2.3718940e+02   1.7711917e+03   2.5659054e+02
   8.1011767e+01   1.1870983e+03   1.0043775e+02
   3.0441366e+02   1.5162094e+03   2.1671826e+02
   1.5602393e+02   1.8301402e+03   1.7446702e+02
   1.6865440e+02   1.8387914e+03   1.6772863e+02
   3.4259872e+02   1.2046792e+03   3.5717703e+02
   3.1834201e+02   1.1723761e+03   2.5790044e+02
   1.3859212e+02   8.8714051e+02   1.4138022e+02
   7.7264828e+01   8.8966244e+02   2.2700034e+02
   3.5635425e+02   9.6901188e+02   2.9397974e+02
   2.3072731e+02   1.1123706e+03   1.0942707e+02
   1.8898703e+02   1.0446887e+03   1.8938676e+02
   1.2094059e+02   1.0951832e+03   2.0948632e+02
   7.4368630e+01   9.5091063e+02   3.3073594e+02
   2.7004310e+02   1.0812845e+03   1.3723161e+02
   2.1007110e+02   1.0743769e+03   2.5907555e+02
   1.7734990e+02   1.0593114e+03   3.0533630e+02
   6.8104724e+01   1.0553448e+03   1.8735905e+02
   1.7084177e+02   1.0728098e+03   2.6410296e+02
   1.5233351e+02   1.0899780e+03   1.3439314e+02
   1.9211020e+02   9.7225868e+02   1.8589290e+02
   2.5307395e+02   8.2052596e+02   1.5693995e+02
   2.0313081e+02   9.6052336e+02   1.6452491e+02
   3.4386641e+02   1.0658182e+03   1.4233237e+02
   1.2405674e+02   8.8724736e+02   9.1815412e+01
   1.7155212e+02   8.9919484e+02   2.9587210e+02
   2.5507208e+02   1.0917985e+03   2.0831317e+02
   9.5184741e+01   9.1066861e+02   1.2264384e+02
   2.7762696e+02   9.0589710e+02   1.2390638e+02
   1.9915944e+02   9.9948904e+02   2.8306205e+02
   2.4823056e+02   1.1542563e+03   1.1571531e+02
   2.0915703e+02   1.1372253e+03   1.5793010e+02
   1.2269477e+02   1.0938758e+03   1.9742307e+02
   1.4786935e+02   1.0965704e+03   2.4816914e+02
   1.3719865e+02   9.9583842e+02   1.2246972e+02
   2.0251152e+02   8.0658840e+02   6.0122938e+01
   2.2373046e+02   8.9673453e+02   2.8535759e+02
   3.6194046e+02   9.1343675e+02   1.1167723e+02
   2.6739506e+02   8.0424496e+02   3.1041758e+02
   2.3583327e+02   8.4163744e+02   1.7933390e+02
   8.4151894e+01   8.3580151e+02   1.7219541e+02
   7.7465387e+01   8.6984157e+02   2.2760549e+02
   3.9580178e+02   8.9182300e+02   3.2355621e+02
   3.4082445e+01   9.4619982e+02   5.8783859e+01
   1.4213967e+02   9.1754995e+02   1.2431984e+02
   3.1830551e+02   9.0096316e+02   1.1504506e+02
   3.6104178e+02   9.3810181e+02   1.8881760e+02
   2.3170411e+02   8.8828000e+02   9.3788000e+01
   3.6212947e+02   9.9009587e+02   1.4289202e+02
   1.0950423e+01   9.4987555e+02   2.5359841e+02
   2.3137186e+02   1.0144691e+03   2.6457128e+02
   3.2066364e+02   9.2079443e+02   4.7807125e+01
   7.2155530e+01   9.5154903e+02   1.2377447e+02
   2.9203884e+02   8.2567043e+02   1.2367156e+02
   1.5190437e+02   7.9269022e+02   1.1189948e+01
   1.5651743e+02   7.8905419e+02   9.4469522e+00
   2.5099744e+02   9.7205586e+02   2.2261944e+02
   3.2214225e+02   7.8871364e+02   2.4646899e+02
   1.8106069e+02   8.9259391e+02   1.1105234e+02
   1.2324856e+02   1.0464313e+03   2.8371676e+02
   2.7311284e+02   8.8954345e+02   3.9780391e+02
   1.7456999e+02   9.4694879e+02   3.2276794e+02
   2.1985856e+02   1.0161904e+03   2.0826455e+02
   1.9189281e+02   1.0719321e+03   2.0982956e+02
   2.7211759e+02   8.5072707e+02   9.8628155e+01
   1.7429598e+02   9.7261314e+02   8.7837183e+01
   7.0856062e+01   1.0259888e+03   1.9269996e+02
   2.1592453e+02   1.0900454e+03   1.8127833e+02
   1.4179446e+02   8.1476194e+02   1.8506202e+02
   9.7424364e+01   9.9483378e+02   7.7846150e+01
   2.9091153e+02   9.3828934e+02   1.4510588e+02
   2.3348323e+02   7.9562457e+02   2.0356977e+02
   1.3048822e+02   7.8081658e+02   1.5637041e+02
   1.5027507e+02   7.8700992e+02   1.4851404e+02
   1.9746163e+02   1.1419016e+03   1.8490591e+02
   1.1303360e+02   1.0139598e+03   1.5393731e+02
   1.6821947e+02   8.4153187e+02   8.1891369e+01
   1.3192968e+02   8.2642862e+02   2.4755258e+02
   1.6322428e+02   1.0391780e+03   7.4174455e+01
   2.2557118e+01   1.1237957e+03   4.9912284e+01
   2.9156829e+02   9.6273188e+02   2.1433675e+02
   2.0035676e+02   8.5102406e+02   2.7200069e+02
   2.8273895e+02   1.0142776e+03   2.9693052e+02
   3.4337654e+02   8.7955550e+02   1.9551210e+02
   2.7114606e+02   8.5630859e+02   1.5178533e+02
   3.8482822e+02   1.1398603e+03   2.5503903e+02
   1.7578532e+02   1.1490708e+03   1.2767799e+02
   2.9198712e+02   1.0722452e+03   1.1434271e+02
   3.7798368e+02   7.8428061e+02   1.8846453e+02
   2.8631292e+02   8.1914785e+02   2.3422607e+02
   6.6526113e+01   7.9965946e+02   1.3076167e+02
   2.5965837e+02   1.0041349e+03   1.2489735e+02
   1.9422784e+02   9.2393815e+02   1.7865301e+02
   2.0328045e+02   1.0788343e+03   1.2132873e+02
   2.5976429e+02   9.1458232e+02   2.9188826e+02
   3.7135101e+02   8.6104996e+02   1.4150452e+02
   1.8881230e+02   1.1243458e+03   1.0350169e+00
   2.2568177e+02   1.0656221e+03   9.8806445e+01
   2.2573415e+02   1.0480992e+03   3.9007793e+01
   2.0100127e+02   7.9492903e+02   3.1930965e+02
   1.1844223e+02   1.0973719e+03   1.1821138e+02
   2.3443455e+02   8.7897660e+02   2.1490290e+02
   3.0131742e+02   6.3844340e+02   1.8895885e+02
   1.2867553e+02   6.7024093e+02   9.1872195e+01
   1.7093236e+02   7.7935073e+02   1.7192557e+02
   2.1943177e+02   7.7090571e+02   2.6701848e+02
   2.2538690e+02   7.6669232e+02   2.2160161e+02
   2.7781731e+02   5.7901346e+02   3.6181548e+02
   1.9640705e+02   5.8785467e+02   1.9717067e+02
   1.4044662e+02   6.6076350e+02   1.6152245e+02
   3.3782322e+02   7.0816331e+02   3.9496545e+02
   3.5849529e+01   5.8435025e+02   2.3196883e+02
   2.2992756e+02   7.7798742e+02   1.8431448e+02
   3.2156282e+02   6.5601505e+02   3.0067350e+02
   2.0152825e+02   6.6575460e+02   2.3727810e+02
   1.6193985e+02   6.8485696e+02   3.5717740e+02
   2.0396038e+02   6.7644005e+02   4.6900319e+01
   1.6953789e+02   6.0990408e+02   2.8931107e+02
   1.5533201e+02   7.3287864e+02   7.7022423e+01
   2.5255343e+02   7.1529190e+02   2.7183509e+02
   2.8730099e+02   6.7988396e+02   2.0843180e+02
   2.0114907e+02   6.9167853e+02   8.7731160e+01
   9.6779885e+01   7.2928468e+02   2.4379333e+02
   1.2143862e+02   5.7157341e+02   1.4088792e+02
   6.3369423e+01   5.5023679e+02   2.0727315e+02
   2.6789783e+02   7.7349220e+02   3.2046236e+02
   2.9193232e+02   7.1830868e+02   1.3597859e+02
   5.0283015e+01   6.2878120e+02   1.4569713e+02
   1.0177093e+02   7.1296048e+02   6.4155881e+01
   2.0307255e+02   7.5981772e+02   1.6566027e+02
   7.8625793e+01   5.7222743e+02   1.1568376e+02
   1.7467729e+02   7.3437666e+02   3.3872083e+01
   3.3668581e+02   7.4690472e+02   9.3173884e+01
   3.1136929e+02   5.5664867e+02   2.5004125e+02
   3.1798726e+02   7.4916118e+02   2.4366731e+02
   1.3387239e+02   5.7108889e+02   1.5140058e+02
   1.5090490e+02   7.7070767e+02   2.1127275e+02
   1.5078972e+02   6.4455081e+02   4.3732017e+01
   2.0489641e+02   6.9190024e+02   1.8009953e+02
   2.7571266e+01   7.5778713e+02   2.8538090e+02
   9.9309829e+01   6.9946551e+02   6.6625959e+00
   1.2340917e+02   7.6313018e+02   2.9175517e+02
   5.7996394e+00   6.2634998e+02   2.6255708e+01
   2.0148852e+02   6.6443430e+02   1.5787995e+02
   1.3590060e+02   5.9636784e+02   1.6486622e+02
   1.4937049e+02   6.9894136e+02   1.3509834e+02
   3.3852769e+02   6.2511321e+02   4.7177936e+01
   2.7617064e+02   6.2726512e+02   2.4852055e+02
   2.3154523e+02   6.1971910e+02   2.6956065e+02
   2.3682349e+02   6.1811154e+02   1.7431923e+02
   3.4955775e+02   7.7857791e+02   1.7946833e+02
   1.8483556e+02   7.7306014e+02   1.5231979e+02
   2.3856719e+02   5.5067193e+02   2.7185179e+02
   2.6482207e+02   6.8669362e+02   1.7115367e+02
   1.8404307e+02   6.8909758e+02   2.0778578e+02
   3.5794875e+02   5.7383967e+02   2.8044467e+02
   1.6704773e+02   6.9529632e+02   2.0799563e+02
   2.6538637e+02   6.5080100e+02   2.6652662e+02
   2.0480051e+02   7.5750408e+02   3.3602024e+02
   1.5536687e+02   6.6305430e+02   2.9329676e+02
   3.2258599e+01   6.8482652e+02   3.4589441e+02
   1.3819957e+02   6.0433463e+02   3.8370920e+02
   1.1143682e+02   6.9477848e+02   1.0518479e+02
   1.6903282e+02   7.6402234e+02   2.3579610e+02
   1.8374757e+02   6.2006903e+02   1.0230120e+02
   1.5969767e+02   7.7828002e+02   1.3632255e+02
   1.1539897e+02   7.6020484e+02   3.8880039e+02
   4.0639947e+01   6.3333296e+02   2.5525688e+02
   1.7920419e+02   6.7435518e+02   2.7861034e+02
   1.5261256e+02   7.3068637e+02   2.5337083e+02
   3.5316573e+02   7.7997949e+02   3.4521297e+02
   2.0819877e+02   7.0472785e+02   2.7139452e+02
   3.5268690e+02   6.7228140e+02   1.0547668e+02
   2.3416357e+02   7.4456979e+02   5.9033996e+01
   9.5999462e+01   7.0620381e+02   3.7443797e+02
   7.5932150e+01   5.7848255e+02   2.1332544e+02
   2.3814873e+02   7.4659150e+02   7.0390118e+00
   2.1878933e+02   6.8088128e+02   1.3945337e+02
   3.8564072e+02   6.5023851e+02   3.3878627e+01
   3.7549524e+02   6.8269861e+02   2.3049928e+02
   1.6954540e+02   6.9124207e+02   2.7902188e+02
   2.5179379e+02   6.6089614e+02   1.6593275e+02
   3.8431333e+02   6.8927980e+02   7.6172221e+01
   9.9379206e+01   6.4706239e+02   1.1582492e+02
   1.1044904e+02   6.4932050e+02   2.0019604e+02
   6.9945297e+01   7.7149734e+02   3.6061120e+02
   1.9551556e+02   6.7995196e+02   2.4340945e+02
   2.2828338e+02   6.0539436e+02   2.5645662e+02
   1.5427354e+02   6.1506413e+02   2.9922813e+02
   2.7544825e+02   7.2432716e+02   1.8896415e+02
   2.1212871e+02   7.2803840e+02   1.5081351e+02
   3.9280363e+02   6.9170263e+02   1.0400382e+02
   3.6667525e+02   6.2926602e+02   4.3308188e+01
   1.0157708e+02   6.7426860e+02   2.1851243e+02
   3.0900175e+02   3.7292813e+02   3.3575711e+02
   3.6569670e+02   5.3290680e+02   2.1810781e+02
   2.5622572e+01   4.4202693e+02   2.8659171e+02
   2.5414210e+01   4.3837684e+02   2.4413931e+02
   1.8869729e+02   5.3607322e+02   3.5512903e+02
   2.0800103e+01   1.5794378e+02   1.1795438e+02
   1.8440206e+02   3.2897135e+02   3.1573996e+02
   1.2342604e+02   2.6322800e+02   2.7476676e+02
   3.5981409e+02   4.6248002e+02   2.2480008e+02
   3.1706401e+02   5.2934716e+02   1.9069909e+02
   3.3436128e+02   2.1455781e+02   2.3832296e+02
   2.3505100e+02   5.0331526e+02   1.5553807e+02
   8.9707439e+01   2.7933373e+02   1.2787569e+02
   1.1213149e+01   1.1447364e+02   2.7614759e+02
   2.2779333e+02   3.9098828e+02   2.2321116e+02
   2.9242286e+02   3.5974436e+02   1.9209064e+02
   2.4229674e+02   4.7683152e+02   4.4595210e+01
   3.2348153e+02   5.2142591e+02   1.0998036e+02
   1.4203889e+02   2.7626481e+02   2.3962570e+02
   2.7181113e+02   4.8925175e+02   3.1733184e+02
   3.4009386e+02   1.2987051e+02   6.4395890e+01
   2.1348896e+02   3.3993714e+02   1.4013411e+02
   3.3845928e+01   5.2248453e+02   6.3164155e+01
   1.7109484e+02   5.3384370e+02   2.7665206e+02
